method,k,category,metric,mean,seed_std,ci_low,ci_high,num_categories,num_seeds,ci_resampling_unit,aggregation,uncertainty_scope
dinov2_multi,1,macro,image_auroc,0.719029702970297,0.03492431208082264,0.6934694381188119,0.7460502475247525,4,5,support_seed,category_macro,support_seed_interval
dinov2_multi,1,pcb1,image_auroc,0.8093400000000001,0.01971441097268697,0.7940400000000001,0.82454,1,5,support_seed,within_category,support_seed_interval
dinov2_multi,1,pcb2,image_auroc,0.63666,0.060967638957072946,0.5921000000000001,0.6850999999999999,1,5,support_seed,within_category,support_seed_interval
dinov2_multi,1,pcb3,image_auroc,0.6976435643564356,0.02499322523635012,0.6752638613861386,0.7104356435643564,1,5,support_seed,within_category,support_seed_interval
dinov2_multi,1,pcb4,image_auroc,0.7324752475247525,0.0722522335734157,0.6707722772277227,0.7838816831683166,1,5,support_seed,within_category,support_seed_interval
dinov2_multi,2,macro,image_auroc,0.7327922772277228,0.036940778867170045,0.7054916336633662,0.7600929207920792,4,5,support_seed,category_macro,support_seed_interval
dinov2_multi,2,pcb1,image_auroc,0.7750400000000001,0.06876262065977415,0.7166,0.8234600000000001,1,5,support_seed,within_category,support_seed_interval
dinov2_multi,2,pcb2,image_auroc,0.64704,0.042726724657993626,0.6161199999999999,0.6788200000000001,1,5,support_seed,within_category,support_seed_interval
dinov2_multi,2,pcb3,image_auroc,0.7139405940594059,0.016340443600138563,0.6998019801980198,0.726,1,5,support_seed,within_category,support_seed_interval
dinov2_multi,2,pcb4,image_auroc,0.7951485148514852,0.05903747113270791,0.7491683168316832,0.8396435643564356,1,5,support_seed,within_category,support_seed_interval
dinov2_multi,4,macro,image_auroc,0.754013316831683,0.02357410732855751,0.7349834653465347,0.7711214356435643,4,5,support_seed,category_macro,support_seed_interval
dinov2_multi,4,pcb1,image_auroc,0.7912399999999999,0.0832937152491111,0.7253399999999999,0.85144,1,5,support_seed,within_category,support_seed_interval
dinov2_multi,4,pcb2,image_auroc,0.7041400000000001,0.02634630903940816,0.67974,0.7195199999999999,1,5,support_seed,within_category,support_seed_interval
dinov2_multi,4,pcb3,image_auroc,0.730990099009901,0.019857841998425427,0.716158415841584,0.7475841584158415,1,5,support_seed,within_category,support_seed_interval
dinov2_multi,4,pcb4,image_auroc,0.7896831683168317,0.051127825148937704,0.7502178217821782,0.8291485148514852,1,5,support_seed,within_category,support_seed_interval
dinov2_single,1,macro,image_auroc,0.7431929702970297,0.03751158744307563,0.7146069801980197,0.7717789603960397,4,5,support_seed,category_macro,support_seed_interval
dinov2_single,1,pcb1,image_auroc,0.8549200000000001,0.022347304087965515,0.83514,0.8705399999999999,1,5,support_seed,within_category,support_seed_interval
dinov2_single,1,pcb2,image_auroc,0.63304,0.06454578220147307,0.58426,0.6818199999999999,1,5,support_seed,within_category,support_seed_interval
dinov2_single,1,pcb3,image_auroc,0.6871683168316831,0.06688459951285426,0.6266732673267326,0.7216237623762376,1,5,support_seed,within_category,support_seed_interval
dinov2_single,1,pcb4,image_auroc,0.7976435643564357,0.07474130793249242,0.7304158415841584,0.8345351485148516,1,5,support_seed,within_category,support_seed_interval
dinov2_single,2,macro,image_auroc,0.7773934653465345,0.027569407371934397,0.7547729207920791,0.7968673762376237,4,5,support_seed,category_macro,support_seed_interval
dinov2_single,2,pcb1,image_auroc,0.8261199999999999,0.08697132860891571,0.7517199999999999,0.8850029999999999,1,5,support_seed,within_category,support_seed_interval
dinov2_single,2,pcb2,image_auroc,0.69484,0.040820681033025406,0.6624800000000002,0.7242599999999999,1,5,support_seed,within_category,support_seed_interval
dinov2_single,2,pcb3,image_auroc,0.7461980198019802,0.017432154535901554,0.7314653465346534,0.7590495049504951,1,5,support_seed,within_category,support_seed_interval
dinov2_single,2,pcb4,image_auroc,0.8424158415841584,0.03874606715308521,0.812,0.8710297029702969,1,5,support_seed,within_category,support_seed_interval
dinov2_single,4,macro,image_auroc,0.8170933663366335,0.027123802092094963,0.7949962376237623,0.8357851485148515,4,5,support_seed,category_macro,support_seed_interval
dinov2_single,4,pcb1,image_auroc,0.8321200000000001,0.0807095843131409,0.7662599999999999,0.8898999999999999,1,5,support_seed,within_category,support_seed_interval
dinov2_single,4,pcb2,image_auroc,0.7615999999999999,0.023521373259229567,0.7409399999999999,0.7765000000000001,1,5,support_seed,within_category,support_seed_interval
dinov2_single,4,pcb3,image_auroc,0.8075841584158416,0.01708352650236717,0.7935643564356436,0.8207920792079207,1,5,support_seed,within_category,support_seed_interval
dinov2_single,4,pcb4,image_auroc,0.867069306930693,0.02917279310695181,0.8407326732673267,0.886039603960396,1,5,support_seed,within_category,support_seed_interval
patchcore,1,macro,image_auroc,0.6870123267326733,0.026820639209234054,0.6660156435643565,0.7088645544554455,4,5,support_seed,category_macro,support_seed_interval
patchcore,1,pcb1,image_auroc,0.8286999999999999,0.01070186899564743,0.8208399999999999,0.8382999999999999,1,5,support_seed,within_category,support_seed_interval
patchcore,1,pcb2,image_auroc,0.64428,0.08018277246391523,0.58496,0.71242,1,5,support_seed,within_category,support_seed_interval
patchcore,1,pcb3,image_auroc,0.64390099009901,0.043986233598722134,0.617980198019802,0.682019801980198,1,5,support_seed,within_category,support_seed_interval
patchcore,1,pcb4,image_auroc,0.6311683168316831,0.17791235372309985,0.4883168316831683,0.7513663366336634,1,5,support_seed,within_category,support_seed_interval
patchcore,2,macro,image_auroc,0.7920628712871287,0.03078766346855909,0.7650781188118813,0.8117129207920792,4,5,support_seed,category_macro,support_seed_interval
patchcore,2,pcb1,image_auroc,0.81484,0.0774728533100466,0.74498,0.8629800000000001,1,5,support_seed,within_category,support_seed_interval
patchcore,2,pcb2,image_auroc,0.73256,0.0616132534443686,0.6849000000000001,0.7818400000000001,1,5,support_seed,within_category,support_seed_interval
patchcore,2,pcb3,image_auroc,0.7217623762376238,0.021588177480299047,0.7047128712871287,0.7393663366336634,1,5,support_seed,within_category,support_seed_interval
patchcore,2,pcb4,image_auroc,0.8990891089108912,0.03620916753187837,0.869940594059406,0.92380198019802,1,5,support_seed,within_category,support_seed_interval
patchcore,4,macro,image_auroc,0.8458022277227724,0.014793495849620841,0.8331450990099011,0.8552751980198019,4,5,support_seed,category_macro,support_seed_interval
patchcore,4,pcb1,image_auroc,0.8359,0.022704735188942414,0.8180799999999999,0.8533999999999999,1,5,support_seed,within_category,support_seed_interval
patchcore,4,pcb2,image_auroc,0.8102,0.02860104893181365,0.7889200000000001,0.8330400000000001,1,5,support_seed,within_category,support_seed_interval
patchcore,4,pcb3,image_auroc,0.8074851485148514,0.02190722432888961,0.791069306930693,0.8246930693069305,1,5,support_seed,within_category,support_seed_interval
patchcore,4,pcb4,image_auroc,0.9296237623762377,0.024515039427293432,0.9077425742574258,0.9453861386138614,1,5,support_seed,within_category,support_seed_interval
dinov2_multi,1,macro,pixel_auroc,0.9319934491205121,0.004098295155146353,0.9288401500122028,0.9351993799491112,4,5,support_seed,category_macro,support_seed_interval
dinov2_multi,1,pcb1,pixel_auroc,0.9928311105737311,0.0008495918461772437,0.9922113662351674,0.9935480305079549,1,5,support_seed,within_category,support_seed_interval
dinov2_multi,1,pcb2,pixel_auroc,0.9361221517735148,0.010972817475952868,0.9278623549192495,0.9448975287952491,1,5,support_seed,within_category,support_seed_interval
dinov2_multi,1,pcb3,pixel_auroc,0.9217876453997658,0.007502124464810534,0.9162644043075865,0.9272056523473078,1,5,support_seed,within_category,support_seed_interval
dinov2_multi,1,pcb4,pixel_auroc,0.8772328887350371,0.008136549457884149,0.8697075368353943,0.8825937422577047,1,5,support_seed,within_category,support_seed_interval
dinov2_multi,2,macro,pixel_auroc,0.9377968414927889,0.0023268827230855213,0.9359479675331336,0.9396457154524439,4,5,support_seed,category_macro,support_seed_interval
dinov2_multi,2,pcb1,pixel_auroc,0.9930780413970404,0.0012827759128279843,0.9920115555494885,0.993988167736253,1,5,support_seed,within_category,support_seed_interval
dinov2_multi,2,pcb2,pixel_auroc,0.9439243381393544,0.007016305869358823,0.9385037003510293,0.9493449759276794,1,5,support_seed,within_category,support_seed_interval
dinov2_multi,2,pcb3,pixel_auroc,0.9327621928969737,0.0030089214759311954,0.9303264050685188,0.9349986256007341,1,5,support_seed,within_category,support_seed_interval
dinov2_multi,2,pcb4,pixel_auroc,0.8814227935377869,0.0071869775865652285,0.8760616982332741,0.8866539161226736,1,5,support_seed,within_category,support_seed_interval
dinov2_multi,4,macro,pixel_auroc,0.9420979292690153,0.002809043085728756,0.9396930906626121,0.9440433347930617,4,5,support_seed,category_macro,support_seed_interval
dinov2_multi,4,pcb1,pixel_auroc,0.99264787863764,0.001677655705673604,0.9913561811029741,0.9939426897209185,1,5,support_seed,within_category,support_seed_interval
dinov2_multi,4,pcb2,pixel_auroc,0.9494793932484973,0.004366975788407447,0.9463342954411275,0.9533051600126982,1,5,support_seed,within_category,support_seed_interval
dinov2_multi,4,pcb3,pixel_auroc,0.9374278021608381,0.0031137256154970512,0.93517973328763,0.9399965908242821,1,5,support_seed,within_category,support_seed_interval
dinov2_multi,4,pcb4,pixel_auroc,0.888836643029086,0.009720010099398615,0.8812163906239473,0.8964568954342249,1,5,support_seed,within_category,support_seed_interval
dinov2_single,1,macro,pixel_auroc,0.9491253874935281,0.003899427750926239,0.94606603633968,0.9522487639021984,4,5,support_seed,category_macro,support_seed_interval
dinov2_single,1,pcb1,pixel_auroc,0.9853374351413695,0.0022209158126432938,0.9835451779463005,0.986955523531098,1,5,support_seed,within_category,support_seed_interval
dinov2_single,1,pcb2,pixel_auroc,0.9386547810173225,0.008823408647200092,0.9319493974653861,0.9453601645692589,1,5,support_seed,within_category,support_seed_interval
dinov2_single,1,pcb3,pixel_auroc,0.9452693798837417,0.004327336563727305,0.9419539005666042,0.9485656625274782,1,5,support_seed,within_category,support_seed_interval
dinov2_single,1,pcb4,pixel_auroc,0.927239953931679,0.007085742250357298,0.9209929354978337,0.932279295375898,1,5,support_seed,within_category,support_seed_interval
dinov2_single,2,macro,pixel_auroc,0.959962592531577,0.001987476368136914,0.9586000137314491,0.9616271761613706,4,5,support_seed,category_macro,support_seed_interval
dinov2_single,2,pcb1,pixel_auroc,0.9872637978113662,0.0023479960588297004,0.9852324146631034,0.9890999836317185,1,5,support_seed,within_category,support_seed_interval
dinov2_single,2,pcb2,pixel_auroc,0.9518356593192461,0.006278957171896288,0.9470623750327359,0.9566089436057563,1,5,support_seed,within_category,support_seed_interval
dinov2_single,2,pcb3,pixel_auroc,0.9558011313985361,0.0019307184147435651,0.9542637045973882,0.957338558199684,1,5,support_seed,within_category,support_seed_interval
dinov2_single,2,pcb4,pixel_auroc,0.9449497815971594,0.003596457786490347,0.9421446054992823,0.9476090714030954,1,5,support_seed,within_category,support_seed_interval
dinov2_single,4,macro,pixel_auroc,0.9670265005724492,0.0016754088259426842,0.9658336144578843,0.9684156234379987,4,5,support_seed,category_macro,support_seed_interval
dinov2_single,4,pcb1,pixel_auroc,0.9901605420463888,0.0025758237775235144,0.9882054282224745,0.992115363113685,1,5,support_seed,within_category,support_seed_interval
dinov2_single,4,pcb2,pixel_auroc,0.9595172298159017,0.006240776629835702,0.9549558825591173,0.9649676365062391,1,5,support_seed,within_category,support_seed_interval
dinov2_single,4,pcb3,pixel_auroc,0.9632534941271068,0.0015060440459310875,0.9622395591800146,0.9644700743963034,1,5,support_seed,within_category,support_seed_interval
dinov2_single,4,pcb4,pixel_auroc,0.9551747363003992,0.004977355405817498,0.9513034561252663,0.9590015184886636,1,5,support_seed,within_category,support_seed_interval
patchcore,1,macro,pixel_auroc,0.9069121083008564,0.01063899399379712,0.8987542747089222,0.9153114617676493,4,5,support_seed,category_macro,support_seed_interval
patchcore,1,pcb1,pixel_auroc,0.9611636471970998,0.0053309727269000755,0.9567722947818795,0.965659467081327,1,5,support_seed,within_category,support_seed_interval
patchcore,1,pcb2,pixel_auroc,0.9049284557191977,0.011246565245194625,0.8962590854263182,0.9135032100061906,1,5,support_seed,within_category,support_seed_interval
patchcore,1,pcb3,pixel_auroc,0.8907609808176623,0.03202502724086952,0.8667299969299517,0.9143708771645862,1,5,support_seed,within_category,support_seed_interval
patchcore,1,pcb4,pixel_auroc,0.870795349469466,0.012128674804469516,0.8619898363697903,0.8813359371928071,1,5,support_seed,within_category,support_seed_interval
patchcore,2,macro,pixel_auroc,0.9335685054236553,0.005342683246703317,0.9295975580049538,0.937554043258934,4,5,support_seed,category_macro,support_seed_interval
patchcore,2,pcb1,pixel_auroc,0.9689178091686859,0.005043804878836651,0.9656975382302002,0.9732371305028968,1,5,support_seed,within_category,support_seed_interval
patchcore,2,pcb2,pixel_auroc,0.9205340650535823,0.009258851490830807,0.9133251903117795,0.9277429397953851,1,5,support_seed,within_category,support_seed_interval
patchcore,2,pcb3,pixel_auroc,0.927948866437446,0.006897614839857551,0.9229678463114228,0.9333743143366533,1,5,support_seed,within_category,support_seed_interval
patchcore,2,pcb4,pixel_auroc,0.9168732810349065,0.01506710948680095,0.9044858829585588,0.9275442749128168,1,5,support_seed,within_category,support_seed_interval
patchcore,4,macro,pixel_auroc,0.9515135869195326,0.0058485976061759945,0.9469015225110299,0.9561256513280352,4,5,support_seed,category_macro,support_seed_interval
patchcore,4,pcb1,pixel_auroc,0.9757208150122159,0.004024355239918033,0.9728322023014403,0.9789231641748837,1,5,support_seed,within_category,support_seed_interval
patchcore,4,pcb2,pixel_auroc,0.945013200305844,0.006102363648634522,0.9401509398934993,0.9498754607181888,1,5,support_seed,within_category,support_seed_interval
patchcore,4,pcb3,pixel_auroc,0.945954536444819,0.009490324678071855,0.938560078987449,0.9533489939021887,1,5,support_seed,within_category,support_seed_interval
patchcore,4,pcb4,pixel_auroc,0.9393657959152517,0.012155809958424088,0.9296813258846275,0.9479294460848939,1,5,support_seed,within_category,support_seed_interval
dinov2_multi,1,macro,aupro,0.7955746112347738,0.00816507250417368,0.7895330929686407,0.8016161295009068,4,5,support_seed,category_macro,support_seed_interval
dinov2_multi,1,pcb1,aupro,0.9373746554776938,0.003235351231722749,0.9348282924290627,0.939921018526325,1,5,support_seed,within_category,support_seed_interval
dinov2_multi,1,pcb2,aupro,0.8014093931488058,0.026983254940184734,0.779368012718233,0.8201352958398189,1,5,support_seed,within_category,support_seed_interval
dinov2_multi,1,pcb3,aupro,0.752913998566721,0.01837729997301629,0.7399049292560125,0.7676868959449682,1,5,support_seed,within_category,support_seed_interval
dinov2_multi,1,pcb4,aupro,0.6906003977458746,0.020370505807190756,0.6718724305087427,0.7048387282271668,1,5,support_seed,within_category,support_seed_interval
dinov2_multi,2,macro,aupro,0.8026494409446496,0.007809228475159719,0.7965067604395573,0.808792121449742,4,5,support_seed,category_macro,support_seed_interval
dinov2_multi,2,pcb1,aupro,0.9312841797187916,0.012389302418322463,0.9199841875048929,0.937588479680466,1,5,support_seed,within_category,support_seed_interval
dinov2_multi,2,pcb2,aupro,0.8222858715837436,0.01020423979540831,0.813911733675924,0.8298881824661898,1,5,support_seed,within_category,support_seed_interval
dinov2_multi,2,pcb3,aupro,0.7622963630009952,0.01034691005962516,0.754446144489073,0.7710124159852352,1,5,support_seed,within_category,support_seed_interval
dinov2_multi,2,pcb4,aupro,0.6947313494750679,0.026882150952077206,0.6723040458240446,0.7125376982945356,1,5,support_seed,within_category,support_seed_interval
dinov2_multi,4,macro,aupro,0.8113155157934215,0.008561867901774567,0.8053446218078136,0.8183999132380455,4,5,support_seed,category_macro,support_seed_interval
dinov2_multi,4,pcb1,aupro,0.9261781860599776,0.013616927256185102,0.9155111972809695,0.9368451748389856,1,5,support_seed,within_category,support_seed_interval
dinov2_multi,4,pcb2,aupro,0.8356088484859974,0.007816450465768052,0.8294804228049895,0.8417372741670054,1,5,support_seed,within_category,support_seed_interval
dinov2_multi,4,pcb3,aupro,0.7758419218370071,0.00703903926714977,0.7704419428708533,0.7813992906937839,1,5,support_seed,within_category,support_seed_interval
dinov2_multi,4,pcb4,aupro,0.7076331067907045,0.02555139758404997,0.6885577007231325,0.7289295470936004,1,5,support_seed,within_category,support_seed_interval
dinov2_single,1,macro,aupro,0.7428854981473665,0.010772730864093506,0.7359476971709581,0.7524272711479545,4,5,support_seed,category_macro,support_seed_interval
dinov2_single,1,pcb1,aupro,0.8972749048095172,0.009244088188865119,0.8901142759284788,0.9053425468881902,1,5,support_seed,within_category,support_seed_interval
dinov2_single,1,pcb2,aupro,0.7171330947441812,0.02605039460270744,0.6953554666489038,0.7348620746922458,1,5,support_seed,within_category,support_seed_interval
dinov2_single,1,pcb3,aupro,0.6670849935663017,0.027371549515662504,0.6454796828019311,0.6886903043306721,1,5,support_seed,within_category,support_seed_interval
dinov2_single,1,pcb4,aupro,0.6900489994694656,0.02330676877275195,0.6698463348603652,0.7065898421377941,1,5,support_seed,within_category,support_seed_interval
dinov2_single,2,macro,aupro,0.7689973834492606,0.008257134130389237,0.7628875153145116,0.7758122801139075,4,5,support_seed,category_macro,support_seed_interval
dinov2_single,2,pcb1,aupro,0.8878914306535597,0.017806687413242414,0.8716594524452275,0.8973668979463267,1,5,support_seed,within_category,support_seed_interval
dinov2_single,2,pcb2,aupro,0.75061344830729,0.01144386555563568,0.7414684999964221,0.7592477132491503,1,5,support_seed,within_category,support_seed_interval
dinov2_single,2,pcb3,aupro,0.6985870334986617,0.01704700398859802,0.6856524010604785,0.7118956830365489,1,5,support_seed,within_category,support_seed_interval
dinov2_single,2,pcb4,aupro,0.7388976213375307,0.02048494233609641,0.7216364226077123,0.7528811296836132,1,5,support_seed,within_category,support_seed_interval
dinov2_single,4,macro,aupro,0.7912238424567681,0.008334174531643805,0.7850647926168908,0.7980225735416842,4,5,support_seed,category_macro,support_seed_interval
dinov2_single,4,pcb1,aupro,0.8899908977095066,0.012644710782444973,0.8800219809191219,0.8999598144998913,1,5,support_seed,within_category,support_seed_interval
dinov2_single,4,pcb2,aupro,0.7778523018713868,0.01361029426917112,0.7691964421833021,0.7892877923662581,1,5,support_seed,within_category,support_seed_interval
dinov2_single,4,pcb3,aupro,0.7265830761959009,0.007170590729171791,0.7213585362979146,0.7318092200326376,1,5,support_seed,within_category,support_seed_interval
dinov2_single,4,pcb4,aupro,0.7704690940502782,0.013929408300373642,0.7601781149211742,0.7808412349758326,1,5,support_seed,within_category,support_seed_interval
patchcore,1,macro,aupro,0.6256164019534491,0.0466305879566692,0.5844592960999038,0.658636203338432,4,5,support_seed,category_macro,support_seed_interval
patchcore,1,pcb1,aupro,0.7527378232956509,0.029089980351905714,0.726226223985136,0.7691723673087626,1,5,support_seed,within_category,support_seed_interval
patchcore,1,pcb2,aupro,0.6406893217596745,0.039180716259551863,0.6060418483653026,0.6685528882934657,1,5,support_seed,within_category,support_seed_interval
patchcore,1,pcb3,aupro,0.523691884661603,0.09435250776475898,0.4505784231087052,0.5968053462145008,1,5,support_seed,within_category,support_seed_interval
patchcore,1,pcb4,aupro,0.5853465780968683,0.05730991752153949,0.5421196607849234,0.6285734954088132,1,5,support_seed,within_category,support_seed_interval
patchcore,2,macro,aupro,0.7009548965965436,0.036221436735976206,0.6682820966002401,0.7239722704373774,4,5,support_seed,category_macro,support_seed_interval
patchcore,2,pcb1,aupro,0.7775848771872333,0.08954911984605776,0.6961334182684674,0.8272100187541431,1,5,support_seed,within_category,support_seed_interval
patchcore,2,pcb2,aupro,0.6912296522143276,0.0167075106367695,0.6791522370255658,0.7051153088427492,1,5,support_seed,within_category,support_seed_interval
patchcore,2,pcb3,aupro,0.6204097553899273,0.0357649642335821,0.5928077840088655,0.648011726770989,1,5,support_seed,within_category,support_seed_interval
patchcore,2,pcb4,aupro,0.714595301594686,0.04879862390954664,0.6703102328937756,0.7411842418503449,1,5,support_seed,within_category,support_seed_interval
patchcore,4,macro,aupro,0.7336394119029122,0.03383769347758938,0.7082348494271302,0.759043974378694,4,5,support_seed,category_macro,support_seed_interval
patchcore,4,pcb1,aupro,0.7562700425451052,0.08679381404037421,0.6912197383907064,0.8238712750966208,1,5,support_seed,within_category,support_seed_interval
patchcore,4,pcb2,aupro,0.7632901956114369,0.022549326547278127,0.7465919456455377,0.7807503492664389,1,5,support_seed,within_category,support_seed_interval
patchcore,4,pcb3,aupro,0.6569443611824811,0.03325537724828054,0.6308333249057648,0.6809131551097557,1,5,support_seed,within_category,support_seed_interval
patchcore,4,pcb4,aupro,0.7580530482726255,0.016530657217181027,0.7456505805996851,0.7704555159455657,1,5,support_seed,within_category,support_seed_interval
dinov2_multi,1,macro,aggregate_pixel_f1,0.2291869763424132,0.00971213049115372,0.22159888436939928,0.23734109908293854,4,5,support_seed,category_macro,support_seed_interval
dinov2_multi,1,pcb1,aggregate_pixel_f1,0.42755210568810104,0.01084786941701885,0.41879933037987804,0.4354825298023801,1,5,support_seed,within_category,support_seed_interval
dinov2_multi,1,pcb2,aggregate_pixel_f1,0.15196590532742768,0.02745640330901575,0.13165799083741708,0.17227381981743828,1,5,support_seed,within_category,support_seed_interval
dinov2_multi,1,pcb3,aggregate_pixel_f1,0.1712770829900593,0.014507438691355973,0.1598968855788348,0.18265728040128376,1,5,support_seed,within_category,support_seed_interval
dinov2_multi,1,pcb4,aggregate_pixel_f1,0.16595281136406476,0.012275924633826244,0.15610012039657578,0.17514032921777267,1,5,support_seed,within_category,support_seed_interval
dinov2_multi,2,macro,aggregate_pixel_f1,0.2507269864155849,0.017985272288263524,0.23928779242570225,0.26703754921134487,4,5,support_seed,category_macro,support_seed_interval
dinov2_multi,2,pcb1,aggregate_pixel_f1,0.44727571425054896,0.07116385169938215,0.40764871763827654,0.5129807389735624,1,5,support_seed,within_category,support_seed_interval
dinov2_multi,2,pcb2,aggregate_pixel_f1,0.1834723766661066,0.010133702725100481,0.17507434154749413,0.19046382194905392,1,5,support_seed,within_category,support_seed_interval
dinov2_multi,2,pcb3,aggregate_pixel_f1,0.20452402248705162,0.019389026762994303,0.18808498487972136,0.2207302822018212,1,5,support_seed,within_category,support_seed_interval
dinov2_multi,2,pcb4,aggregate_pixel_f1,0.1676358322586325,0.011663850933646983,0.15787791748288282,0.17542551629804268,1,5,support_seed,within_category,support_seed_interval
dinov2_multi,4,macro,aggregate_pixel_f1,0.26879829389843457,0.014487752531436207,0.257406553409392,0.2801900343874772,4,5,support_seed,category_macro,support_seed_interval
dinov2_multi,4,pcb1,aggregate_pixel_f1,0.48615456114894434,0.08383820999846063,0.42184890482957077,0.550460217468318,1,5,support_seed,within_category,support_seed_interval
dinov2_multi,4,pcb2,aggregate_pixel_f1,0.19539635797513694,0.008862643264447252,0.18742259300325972,0.1999130454499094,1,5,support_seed,within_category,support_seed_interval
dinov2_multi,4,pcb3,aggregate_pixel_f1,0.2201794415625542,0.018479604176599277,0.2070484733530275,0.23581874216900497,1,5,support_seed,within_category,support_seed_interval
dinov2_multi,4,pcb4,aggregate_pixel_f1,0.17346281490710283,0.013311485988708427,0.16306217958263197,0.1838634502315737,1,5,support_seed,within_category,support_seed_interval
dinov2_single,1,macro,aggregate_pixel_f1,0.2072204818697684,0.007874048586651184,0.2012863793865156,0.2140809078119211,4,5,support_seed,category_macro,support_seed_interval
dinov2_single,1,pcb1,aggregate_pixel_f1,0.321166658212632,0.007370073418428316,0.3145098532770272,0.32613167430021156,1,5,support_seed,within_category,support_seed_interval
dinov2_single,1,pcb2,aggregate_pixel_f1,0.14052565635362257,0.017924425160722922,0.12720937476042052,0.15404960498114145,1,5,support_seed,within_category,support_seed_interval
dinov2_single,1,pcb3,aggregate_pixel_f1,0.17067212804041804,0.026174849451982098,0.1503820785654842,0.19096217751535188,1,5,support_seed,within_category,support_seed_interval
dinov2_single,1,pcb4,aggregate_pixel_f1,0.1965174848724011,0.02295340904215412,0.17669914639571105,0.21228445203638588,1,5,support_seed,within_category,support_seed_interval
dinov2_single,2,macro,aggregate_pixel_f1,0.23555639783151214,0.025945566923054067,0.2220650291704996,0.2589366059520172,4,5,support_seed,category_macro,support_seed_interval
dinov2_single,2,pcb1,aggregate_pixel_f1,0.36255445919650897,0.10381263577644564,0.31131692777412845,0.4561590165262882,1,5,support_seed,within_category,support_seed_interval
dinov2_single,2,pcb2,aggregate_pixel_f1,0.16410450416401517,0.005755632967102571,0.16041853519451504,0.169118279095765,1,5,support_seed,within_category,support_seed_interval
dinov2_single,2,pcb3,aggregate_pixel_f1,0.1911616230421135,0.00879868980744829,0.18462695381084507,0.19806243619433528,1,5,support_seed,within_category,support_seed_interval
dinov2_single,2,pcb4,aggregate_pixel_f1,0.2244050049234107,0.00790999591274117,0.2181303127792983,0.2304730479420915,1,5,support_seed,within_category,support_seed_interval
dinov2_single,4,macro,aggregate_pixel_f1,0.260699900475165,0.023783071387699205,0.24219411965494522,0.2792056812953847,4,5,support_seed,category_macro,support_seed_interval
dinov2_single,4,pcb1,aggregate_pixel_f1,0.40976785490425643,0.10149081807376055,0.3310981790288863,0.4884375307796267,1,5,support_seed,within_category,support_seed_interval
dinov2_single,4,pcb2,aggregate_pixel_f1,0.18312884989640937,0.008000841840918215,0.1768777841532388,0.18926199142611239,1,5,support_seed,within_category,support_seed_interval
dinov2_single,4,pcb3,aggregate_pixel_f1,0.1989478994160432,0.004291204002942528,0.19514827892733738,0.2017935168476359,1,5,support_seed,within_category,support_seed_interval
dinov2_single,4,pcb4,aggregate_pixel_f1,0.2509549976839508,0.005574963045268265,0.2470074061915984,0.25519007669342664,1,5,support_seed,within_category,support_seed_interval
patchcore,1,macro,aggregate_pixel_f1,0.18081771061508575,0.009984798426984475,0.1741696791373938,0.18973828809455015,4,5,support_seed,category_macro,support_seed_interval
patchcore,1,pcb1,aggregate_pixel_f1,0.257947308106301,0.020624899405506887,0.24313147414052794,0.2747472403082266,1,5,support_seed,within_category,support_seed_interval
patchcore,1,pcb2,aggregate_pixel_f1,0.14813937517845518,0.01436967309025706,0.13928180471334375,0.16088567526006417,1,5,support_seed,within_category,support_seed_interval
patchcore,1,pcb3,aggregate_pixel_f1,0.1886299321030054,0.03369284450640545,0.16279805933650254,0.21482106643217555,1,5,support_seed,within_category,support_seed_interval
patchcore,1,pcb4,aggregate_pixel_f1,0.12855422707258152,0.03905242791172186,0.0972838550197124,0.15716549925002296,1,5,support_seed,within_category,support_seed_interval
patchcore,2,macro,aggregate_pixel_f1,0.24393740732366576,0.029957414623356594,0.22686647616384228,0.2709561365093042,4,5,support_seed,category_macro,support_seed_interval
patchcore,2,pcb1,aggregate_pixel_f1,0.28745525260023325,0.11404203423931077,0.2347315852250605,0.39020378135665407,1,5,support_seed,within_category,support_seed_interval
patchcore,2,pcb2,aggregate_pixel_f1,0.19101622686059966,0.008297110243887271,0.18412529525604687,0.1966506167548659,1,5,support_seed,within_category,support_seed_interval
patchcore,2,pcb3,aggregate_pixel_f1,0.23203989372937445,0.005910180495614914,0.22888841692476744,0.23744914868669,1,5,support_seed,within_category,support_seed_interval
patchcore,2,pcb4,aggregate_pixel_f1,0.2652382561044556,0.020243162737691524,0.25275849889161245,0.28352272897493774,1,5,support_seed,within_category,support_seed_interval
patchcore,4,macro,aggregate_pixel_f1,0.2619212206909599,0.02798289170479631,0.24041804347556922,0.28278742487367514,4,5,support_seed,category_macro,support_seed_interval
patchcore,4,pcb1,aggregate_pixel_f1,0.3368064789120727,0.09507925307228408,0.263702760197351,0.4083020637982564,1,5,support_seed,within_category,support_seed_interval
patchcore,4,pcb2,aggregate_pixel_f1,0.20027419086087073,0.005168133011976099,0.1965398281192545,0.20447709676957654,1,5,support_seed,within_category,support_seed_interval
patchcore,4,pcb3,aggregate_pixel_f1,0.2096144506744125,0.0066528035265559235,0.204843461429024,0.21442176584802392,1,5,support_seed,within_category,support_seed_interval
patchcore,4,pcb4,aggregate_pixel_f1,0.3009897623164837,0.02548691573699999,0.2847628373662161,0.3233258892670428,1,5,support_seed,within_category,support_seed_interval
dinov2_multi,1,macro,aggregate_pixel_iou,0.13465282369340473,0.0060911587267802,0.12999311206453693,0.1396895282098419,4,5,support_seed,category_macro,support_seed_interval
dinov2_multi,1,pcb1,aggregate_pixel_iou,0.27195047736659606,0.008740328365926024,0.2649138000030968,0.27836546635824805,1,5,support_seed,within_category,support_seed_interval
dinov2_multi,1,pcb2,aggregate_pixel_iou,0.0824227015057607,0.016119982069926174,0.07052703269311433,0.09431837031840706,1,5,support_seed,within_category,support_seed_interval
dinov2_multi,1,pcb3,aggregate_pixel_iou,0.0937145673389563,0.008693326924874152,0.0868988390845515,0.1005302955933611,1,5,support_seed,within_category,support_seed_interval
dinov2_multi,1,pcb4,aggregate_pixel_iou,0.09052354856230585,0.007295709674620752,0.08466635226499138,0.09598692728707597,1,5,support_seed,within_category,support_seed_interval
dinov2_multi,2,macro,aggregate_pixel_iou,0.14922986490504647,0.015523670911199933,0.14001378699787764,0.163625147114025,4,5,support_seed,category_macro,support_seed_interval
dinov2_multi,2,pcb1,aggregate_pixel_iou,0.29035455322159576,0.06262943959828572,0.2560639241478342,0.34810975254676746,1,5,support_seed,within_category,support_seed_interval
dinov2_multi,2,pcb2,aggregate_pixel_iou,0.10102900438742077,0.006118321502897719,0.09596783534673556,0.10525903726633433,1,5,support_seed,within_category,support_seed_interval
dinov2_multi,2,pcb3,aggregate_pixel_iou,0.1140146208655805,0.012023770138826573,0.1038703460763611,0.12411821612541496,1,5,support_seed,within_category,support_seed_interval
dinov2_multi,2,pcb4,aggregate_pixel_iou,0.09152128114558897,0.006910705109385772,0.0857227360688441,0.09614634881311702,1,5,support_seed,within_category,support_seed_interval
dinov2_multi,4,macro,aggregate_pixel_iou,0.16286523414056023,0.014037223243782345,0.15188384696994897,0.17384662131117148,4,5,support_seed,category_macro,support_seed_interval
dinov2_multi,4,pcb1,aggregate_pixel_iou,0.32434193085223384,0.07231230563396701,0.2687292935924196,0.3799545681120481,1,5,support_seed,within_category,support_seed_interval
dinov2_multi,4,pcb2,aggregate_pixel_iou,0.10829785490970223,0.00540829654544817,0.10343185100937455,0.1110577858662696,1,5,support_seed,within_category,support_seed_interval
dinov2_multi,4,pcb3,aggregate_pixel_iou,0.12380641957139145,0.011754396265847728,0.11548338254503235,0.13378231307611851,1,5,support_seed,within_category,support_seed_interval
dinov2_multi,4,pcb4,aggregate_pixel_iou,0.09501473122891342,0.007993614855754092,0.08877411766891165,0.10125534478891521,1,5,support_seed,within_category,support_seed_interval
dinov2_single,1,macro,aggregate_pixel_iou,0.11738970488120384,0.00462407346558532,0.11393911150937733,0.12139173931449095,4,5,support_seed,category_macro,support_seed_interval
dinov2_single,1,pcb1,aggregate_pixel_iou,0.1913217789600883,0.005210856714311803,0.18661795152887814,0.1948418617081384,1,5,support_seed,within_category,support_seed_interval
dinov2_single,1,pcb2,aggregate_pixel_iou,0.07565269098548957,0.010361872242910857,0.06795813099259826,0.08346831925948872,1,5,support_seed,within_category,support_seed_interval
dinov2_single,1,pcb3,aggregate_pixel_iou,0.09347642404349074,0.015611924065507245,0.08136510851223741,0.10558773957474407,1,5,support_seed,within_category,support_seed_interval
dinov2_single,1,pcb4,aggregate_pixel_iou,0.10910792553574673,0.01398279095612553,0.0970718204838488,0.11875927079674604,1,5,support_seed,within_category,support_seed_interval
dinov2_single,2,macro,aggregate_pixel_iou,0.13680436805831625,0.02119653013264901,0.12611459640312622,0.1559417256335849,4,5,support_seed,category_macro,support_seed_interval
dinov2_single,2,pcb1,aggregate_pixel_iou,0.22571848197083222,0.08485915826968218,0.184381659486197,0.3021626640312896,1,5,support_seed,within_category,support_seed_interval
dinov2_single,2,pcb2,aggregate_pixel_iou,0.08939521785198594,0.003425704284132039,0.08720537736485154,0.09238057076872598,1,5,support_seed,within_category,support_seed_interval
dinov2_single,2,pcb3,aggregate_pixel_iou,0.10570292549519511,0.005382230687590811,0.10170427216954407,0.10993348068887214,1,5,support_seed,within_category,support_seed_interval
dinov2_single,2,pcb4,aggregate_pixel_iou,0.12640084691525172,0.005010483155778193,0.1224314622407046,0.13024688362164352,1,5,support_seed,within_category,support_seed_interval
dinov2_single,4,macro,aggregate_pixel_iou,0.1541354705863194,0.0191229688420862,0.13928942332407654,0.16898151784856227,4,5,support_seed,category_macro,support_seed_interval
dinov2_single,4,pcb1,aggregate_pixel_iou,0.26177373824736844,0.0802703505983848,0.19966124414475342,0.3238862323499834,1,5,support_seed,within_category,support_seed_interval
dinov2_single,4,pcb2,aggregate_pixel_iou,0.10081060400702826,0.0048476599623203855,0.09702714898775557,0.10452578040151357,1,5,support_seed,within_category,support_seed_interval
dinov2_single,4,pcb3,aggregate_pixel_iou,0.11046707850194741,0.002640394730638455,0.10812969520584895,0.11221968821040795,1,5,support_seed,within_category,support_seed_interval
dinov2_single,4,pcb4,aggregate_pixel_iou,0.1434904615889335,0.0036495965788821767,0.14090765200897695,0.14626554215616452,1,5,support_seed,within_category,support_seed_interval
patchcore,1,macro,aggregate_pixel_iou,0.10043812633143741,0.00629449871628075,0.09635182362155245,0.10597547778296443,4,5,support_seed,category_macro,support_seed_interval
patchcore,1,pcb1,aggregate_pixel_iou,0.14820064443703185,0.013699163265490661,0.13840399484141344,0.15939728608131626,1,5,support_seed,within_category,support_seed_interval
patchcore,1,pcb2,aggregate_pixel_iou,0.0800473632458016,0.008454073394956657,0.07485753769550485,0.0875511524868384,1,5,support_seed,within_category,support_seed_interval
patchcore,1,pcb3,aggregate_pixel_iou,0.10444360930483579,0.020631615434692805,0.0886495991391815,0.12046638099934337,1,5,support_seed,within_category,support_seed_interval
patchcore,1,pcb4,aggregate_pixel_iou,0.06906088833808037,0.022072832851666755,0.05150883028302753,0.08542637058860884,1,5,support_seed,within_category,support_seed_interval
patchcore,2,macro,aggregate_pixel_iou,0.14057795295833753,0.022283577637596218,0.12819660059219434,0.16073212395154074,4,5,support_seed,category_macro,support_seed_interval
patchcore,2,pcb1,aggregate_pixel_iou,0.17241938236710835,0.08572177152816327,0.13297322242995682,0.2495744235508787,1,5,support_seed,within_category,support_seed_interval
patchcore,2,pcb2,aggregate_pixel_iou,0.1056116620125667,0.005055403681262348,0.10141902432677488,0.10905036818303501,1,5,support_seed,within_category,support_seed_interval
patchcore,2,pcb3,aggregate_pixel_iou,0.13125740218645235,0.003797895718410076,0.12923468408571645,0.13473302730749634,1,5,support_seed,within_category,support_seed_interval
patchcore,2,pcb4,aggregate_pixel_iou,0.1530233652672227,0.013635975475858299,0.14467111634675814,0.16534555972645545,1,5,support_seed,within_category,support_seed_interval
patchcore,4,macro,aggregate_pixel_iou,0.15284062012736044,0.020009804363392218,0.1374632171102127,0.1676825553282474,4,5,support_seed,category_macro,support_seed_interval
patchcore,4,pcb1,aggregate_pixel_iou,0.2056136529350434,0.06796969737065633,0.1532230223485973,0.25660101378248623,1,5,support_seed,within_category,support_seed_interval
patchcore,4,pcb2,aggregate_pixel_iou,0.11128773134728379,0.003195428497877123,0.1089805680642113,0.11388917130308965,1,5,support_seed,within_category,support_seed_interval
patchcore,4,pcb3,aggregate_pixel_iou,0.11709018070051828,0.00415556336555566,0.11411125359256591,0.12009920233843997,1,5,support_seed,within_category,support_seed_interval
patchcore,4,pcb4,aggregate_pixel_iou,0.1773709155265962,0.017914021160405625,0.16603441310577868,0.1930961004291128,1,5,support_seed,within_category,support_seed_interval
anomaly_consistent_sam2,1,macro,mean_anomaly_mask_f1,0.2678683013847073,0.02144935777978865,0.25148316294947437,0.28418004168117694,4,5,support_seed,category_macro,support_seed_interval
anomaly_consistent_sam2,1,pcb1,mean_anomaly_mask_f1,0.3545632245844685,0.018258438710296938,0.3406964833351728,0.36838947239217923,1,5,support_seed,within_category,support_seed_interval
anomaly_consistent_sam2,1,pcb2,mean_anomaly_mask_f1,0.2557003863047493,0.060834419449220106,0.21118090150760724,0.3071363859174809,1,5,support_seed,within_category,support_seed_interval
anomaly_consistent_sam2,1,pcb3,mean_anomaly_mask_f1,0.2406823705316538,0.02107467538301828,0.2244426684108583,0.2569220726524494,1,5,support_seed,within_category,support_seed_interval
anomaly_consistent_sam2,1,pcb4,mean_anomaly_mask_f1,0.2205272241179575,0.016047932357700037,0.20799032467182807,0.23306412356408684,1,5,support_seed,within_category,support_seed_interval
anomaly_consistent_sam2,2,macro,mean_anomaly_mask_f1,0.2971273229627891,0.00908867287974512,0.2887010607461877,0.30337343434950415,4,5,support_seed,category_macro,support_seed_interval
anomaly_consistent_sam2,2,pcb1,mean_anomaly_mask_f1,0.3604811066228922,0.01989283936435709,0.34539681951406354,0.3767457024680328,1,5,support_seed,within_category,support_seed_interval
anomaly_consistent_sam2,2,pcb2,mean_anomaly_mask_f1,0.32885788483448447,0.012136964937270431,0.3188769639258722,0.33671616231899487,1,5,support_seed,within_category,support_seed_interval
anomaly_consistent_sam2,2,pcb3,mean_anomaly_mask_f1,0.27026730813015093,0.027709531139441978,0.24955439570358226,0.2909972998516993,1,5,support_seed,within_category,support_seed_interval
anomaly_consistent_sam2,2,pcb4,mean_anomaly_mask_f1,0.22890299226362876,0.01757092999248649,0.21582958362541144,0.24207132880810578,1,5,support_seed,within_category,support_seed_interval
anomaly_consistent_sam2,4,macro,mean_anomaly_mask_f1,0.31734773405195027,0.010229234847153601,0.3095462493824952,0.32514921872140545,4,5,support_seed,category_macro,support_seed_interval
anomaly_consistent_sam2,4,pcb1,mean_anomaly_mask_f1,0.3770679353865895,0.041225009061936865,0.34484984514645795,0.4080545942564379,1,5,support_seed,within_category,support_seed_interval
anomaly_consistent_sam2,4,pcb2,mean_anomaly_mask_f1,0.35256335732009364,0.016271982385804535,0.33791922576721867,0.3629290247426523,1,5,support_seed,within_category,support_seed_interval
anomaly_consistent_sam2,4,pcb3,mean_anomaly_mask_f1,0.3003579570031641,0.010300931359623351,0.2924987604120442,0.308217153594284,1,5,support_seed,within_category,support_seed_interval
anomaly_consistent_sam2,4,pcb4,mean_anomaly_mask_f1,0.23940168649795396,0.01736103845982386,0.22669412111674614,0.2525593544046095,1,5,support_seed,within_category,support_seed_interval
dinov2_multi,1,macro,mean_anomaly_mask_f1,0.21033638797640447,0.009851238637682525,0.20268388362646628,0.21785200109865901,4,5,support_seed,category_macro,support_seed_interval
dinov2_multi,1,pcb1,mean_anomaly_mask_f1,0.24483141710555967,0.007241445816834649,0.23857584060219067,0.24935060566402498,1,5,support_seed,within_category,support_seed_interval
dinov2_multi,1,pcb2,mean_anomaly_mask_f1,0.2088221251367744,0.028915430747729207,0.18610668005293002,0.2311527128627898,1,5,support_seed,within_category,support_seed_interval
dinov2_multi,1,pcb3,mean_anomaly_mask_f1,0.19569261070885774,0.006727364383261687,0.19005347789679536,0.20049736412914348,1,5,support_seed,within_category,support_seed_interval
dinov2_multi,1,pcb4,mean_anomaly_mask_f1,0.19199939895442603,0.007705597947358684,0.18634627515366298,0.1983186726043646,1,5,support_seed,within_category,support_seed_interval
dinov2_multi,2,macro,mean_anomaly_mask_f1,0.22836850070927558,0.01377023407201089,0.2196710991297411,0.24088471348985463,4,5,support_seed,category_macro,support_seed_interval
dinov2_multi,2,pcb1,mean_anomaly_mask_f1,0.2570268508648649,0.047061683653572675,0.2320661948971168,0.30014537973917005,1,5,support_seed,within_category,support_seed_interval
dinov2_multi,2,pcb2,mean_anomaly_mask_f1,0.24730019993809912,0.012332163846873532,0.23619359762591446,0.25393041179223513,1,5,support_seed,within_category,support_seed_interval
dinov2_multi,2,pcb3,mean_anomaly_mask_f1,0.21796149189830719,0.015452028611533981,0.20499916578255864,0.22947133505546474,1,5,support_seed,within_category,support_seed_interval
dinov2_multi,2,pcb4,mean_anomaly_mask_f1,0.1911854601358313,0.010752191484120772,0.1818361539546946,0.1974713747372996,1,5,support_seed,within_category,support_seed_interval
dinov2_multi,4,macro,mean_anomaly_mask_f1,0.24370506909310144,0.011664509762610001,0.23466142525998043,0.25274871292622236,4,5,support_seed,category_macro,support_seed_interval
dinov2_multi,4,pcb1,mean_anomaly_mask_f1,0.2867515992515467,0.05727570700408516,0.24172034061618036,0.33178285788691303,1,5,support_seed,within_category,support_seed_interval
dinov2_multi,4,pcb2,mean_anomaly_mask_f1,0.25687319393929575,0.010604205035767554,0.24771451505149683,0.26407923410187595,1,5,support_seed,within_category,support_seed_interval
dinov2_multi,4,pcb3,mean_anomaly_mask_f1,0.23419233420188754,0.007758501716561884,0.22864633913353521,0.24052585206069926,1,5,support_seed,within_category,support_seed_interval
dinov2_multi,4,pcb4,mean_anomaly_mask_f1,0.1970031489796757,0.013187896637814847,0.18681517130754904,0.20719112665180228,1,5,support_seed,within_category,support_seed_interval
dinov2_multi_sam2,1,macro,mean_anomaly_mask_f1,0.25681267610516556,0.021491567701777826,0.23968881529762293,0.27325062470064376,4,5,support_seed,category_macro,support_seed_interval
dinov2_multi_sam2,1,pcb1,mean_anomaly_mask_f1,0.2882821246179302,0.01921519990326009,0.2713849888754209,0.30190495910829185,1,5,support_seed,within_category,support_seed_interval
dinov2_multi_sam2,1,pcb2,mean_anomaly_mask_f1,0.241591271144675,0.056819693802722,0.19894650067567307,0.28567569429610906,1,5,support_seed,within_category,support_seed_interval
dinov2_multi_sam2,1,pcb3,mean_anomaly_mask_f1,0.23329472599155876,0.024715520278074974,0.21476613231370414,0.25182331966941335,1,5,support_seed,within_category,support_seed_interval
dinov2_multi_sam2,1,pcb4,mean_anomaly_mask_f1,0.2640825826664984,0.020357630289365585,0.2479295988617217,0.2802355664712751,1,5,support_seed,within_category,support_seed_interval
dinov2_multi_sam2,2,macro,mean_anomaly_mask_f1,0.2843213434500557,0.010128011292013716,0.27612924414813084,0.2919897301767209,4,5,support_seed,category_macro,support_seed_interval
dinov2_multi_sam2,2,pcb1,mean_anomaly_mask_f1,0.2961761820342738,0.03794503447738158,0.27170667194859605,0.3311217147850429,1,5,support_seed,within_category,support_seed_interval
dinov2_multi_sam2,2,pcb2,mean_anomaly_mask_f1,0.3068527224580881,0.010583331272230477,0.29798560625554027,0.3134276055878699,1,5,support_seed,within_category,support_seed_interval
dinov2_multi_sam2,2,pcb3,mean_anomaly_mask_f1,0.2594896740549927,0.023800960992690922,0.2418212255836527,0.27715812252633265,1,5,support_seed,within_category,support_seed_interval
dinov2_multi_sam2,2,pcb4,mean_anomaly_mask_f1,0.2747667952528684,0.021144185265960257,0.25915861994843203,0.2903749705573048,1,5,support_seed,within_category,support_seed_interval
dinov2_multi_sam2,4,macro,mean_anomaly_mask_f1,0.30272983245924817,0.01311167890764037,0.2931655793993514,0.3136462479786488,4,5,support_seed,category_macro,support_seed_interval
dinov2_multi_sam2,4,pcb1,mean_anomaly_mask_f1,0.3122196063987703,0.053195712263225586,0.2707793191887398,0.3536598936088008,1,5,support_seed,within_category,support_seed_interval
dinov2_multi_sam2,4,pcb2,mean_anomaly_mask_f1,0.3270023310052904,0.014061450168390994,0.31446414640960224,0.335109840245112,1,5,support_seed,within_category,support_seed_interval
dinov2_multi_sam2,4,pcb3,mean_anomaly_mask_f1,0.28651597102789184,0.007863792149850862,0.2804590200005644,0.2922076342580004,1,5,support_seed,within_category,support_seed_interval
dinov2_multi_sam2,4,pcb4,mean_anomaly_mask_f1,0.2851814214050401,0.023393941681479714,0.2682531784693164,0.3047796690763828,1,5,support_seed,within_category,support_seed_interval
dinov2_single,1,macro,mean_anomaly_mask_f1,0.1966666985559638,0.009657395559690418,0.18910885922881313,0.2048930637304748,4,5,support_seed,category_macro,support_seed_interval
dinov2_single,1,pcb1,mean_anomaly_mask_f1,0.19249660997422946,0.00429347990488626,0.1887304739329568,0.1953050296329245,1,5,support_seed,within_category,support_seed_interval
dinov2_single,1,pcb2,mean_anomaly_mask_f1,0.20675802009467473,0.017500427013285302,0.19193088708643907,0.21943148370641255,1,5,support_seed,within_category,support_seed_interval
dinov2_single,1,pcb3,mean_anomaly_mask_f1,0.16823322122300127,0.022490569070785588,0.15380715898499658,0.18814433741704484,1,5,support_seed,within_category,support_seed_interval
dinov2_single,1,pcb4,mean_anomaly_mask_f1,0.2191789429319498,0.017797454562635255,0.20327499918119893,0.2326736237206576,1,5,support_seed,within_category,support_seed_interval
dinov2_single,2,macro,mean_anomaly_mask_f1,0.22468169012430167,0.019048623709857448,0.2134917262007509,0.24175351389603525,4,5,support_seed,category_macro,support_seed_interval
dinov2_single,2,pcb1,mean_anomaly_mask_f1,0.21688194215231982,0.06839385568216853,0.18396117983557775,0.27797673349499846,1,5,support_seed,within_category,support_seed_interval
dinov2_single,2,pcb2,mean_anomaly_mask_f1,0.24761545800789814,0.008404745592923002,0.2408608343494479,0.25381921101689275,1,5,support_seed,within_category,support_seed_interval
dinov2_single,2,pcb3,mean_anomaly_mask_f1,0.1931124180565092,0.021954403519233542,0.17664462224220798,0.21023628345295703,1,5,support_seed,within_category,support_seed_interval
dinov2_single,2,pcb4,mean_anomaly_mask_f1,0.2411169422804794,0.00727608138749674,0.23537641020401295,0.247253172817704,1,5,support_seed,within_category,support_seed_interval
dinov2_single,4,macro,mean_anomaly_mask_f1,0.24752375950206532,0.017012381265666225,0.2345442741713279,0.26066123301048066,4,5,support_seed,category_macro,support_seed_interval
dinov2_single,4,pcb1,mean_anomaly_mask_f1,0.25111810624151837,0.06714540674205575,0.19868100234347114,0.3035552101395656,1,5,support_seed,within_category,support_seed_interval
dinov2_single,4,pcb2,mean_anomaly_mask_f1,0.25979708173572474,0.005678875350320314,0.25513258412309975,0.26408956958036545,1,5,support_seed,within_category,support_seed_interval
dinov2_single,4,pcb3,mean_anomaly_mask_f1,0.21762363289075387,0.00427219254770552,0.21440833488138758,0.2214043009907333,1,5,support_seed,within_category,support_seed_interval
dinov2_single,4,pcb4,mean_anomaly_mask_f1,0.26155621714026434,0.009048329451690729,0.2548916350380809,0.26872592579582494,1,5,support_seed,within_category,support_seed_interval
dinov2_single_sam2,1,macro,mean_anomaly_mask_f1,0.2393544089406549,0.011896659578664448,0.2291229280327836,0.24817035642183952,4,5,support_seed,category_macro,support_seed_interval
dinov2_single_sam2,1,pcb1,mean_anomaly_mask_f1,0.24697370784670922,0.015122633766806424,0.23799118306953188,0.2599486385974234,1,5,support_seed,within_category,support_seed_interval
dinov2_single_sam2,1,pcb2,mean_anomaly_mask_f1,0.254884502042284,0.023964640697028968,0.2370696154384083,0.27287662894937886,1,5,support_seed,within_category,support_seed_interval
dinov2_single_sam2,1,pcb3,mean_anomaly_mask_f1,0.18482193956707121,0.023642564646414982,0.1693303127159374,0.2042512561511618,1,5,support_seed,within_category,support_seed_interval
dinov2_single_sam2,1,pcb4,mean_anomaly_mask_f1,0.27073748630655514,0.025496585402065768,0.250075503872606,0.28879816525644925,1,5,support_seed,within_category,support_seed_interval
dinov2_single_sam2,2,macro,mean_anomaly_mask_f1,0.2709043943229886,0.02417030659155859,0.25672319939195587,0.29200676521280367,4,5,support_seed,category_macro,support_seed_interval
dinov2_single_sam2,2,pcb1,mean_anomaly_mask_f1,0.2735435344354539,0.07345763315654905,0.23498457291766556,0.3387547213362228,1,5,support_seed,within_category,support_seed_interval
dinov2_single_sam2,2,pcb2,mean_anomaly_mask_f1,0.3044729894062397,0.0150245980722952,0.2931654586065197,0.31578052020595965,1,5,support_seed,within_category,support_seed_interval
dinov2_single_sam2,2,pcb3,mean_anomaly_mask_f1,0.21041749026971662,0.023086556806211498,0.1927178974330171,0.22811708310641618,1,5,support_seed,within_category,support_seed_interval
dinov2_single_sam2,2,pcb4,mean_anomaly_mask_f1,0.29518356318054406,0.010441183312877314,0.287107266008309,0.30326701656107663,1,5,support_seed,within_category,support_seed_interval
dinov2_single_sam2,4,macro,mean_anomaly_mask_f1,0.2975578965625766,0.020961870224307972,0.282462697974995,0.3138064428001182,4,5,support_seed,category_macro,support_seed_interval
dinov2_single_sam2,4,pcb1,mean_anomaly_mask_f1,0.30899897814574045,0.07331319144480278,0.2523626714216401,0.36563528486984087,1,5,support_seed,within_category,support_seed_interval
dinov2_single_sam2,4,pcb2,mean_anomaly_mask_f1,0.3221567862464878,0.010242989242548559,0.3128657519731361,0.3289499801540693,1,5,support_seed,within_category,support_seed_interval
dinov2_single_sam2,4,pcb3,mean_anomaly_mask_f1,0.2378036485447367,0.01225092992849261,0.22815161346478624,0.24745568362468714,1,5,support_seed,within_category,support_seed_interval
dinov2_single_sam2,4,pcb4,mean_anomaly_mask_f1,0.32127217331334146,0.009709129084587168,0.31401765027754497,0.3292756017500741,1,5,support_seed,within_category,support_seed_interval
patchcore,1,macro,mean_anomaly_mask_f1,0.14184104485393512,0.01047790394466769,0.13648475373288899,0.15132059368514433,4,5,support_seed,category_macro,support_seed_interval
patchcore,1,pcb1,mean_anomaly_mask_f1,0.1307927485944512,0.009025147433252206,0.12308787557365646,0.13835254822135398,1,5,support_seed,within_category,support_seed_interval
patchcore,1,pcb2,mean_anomaly_mask_f1,0.14299599204881713,0.01381746764956265,0.13274026447728163,0.15350222830184798,1,5,support_seed,within_category,support_seed_interval
patchcore,1,pcb3,mean_anomaly_mask_f1,0.13702377231368806,0.032438174840310925,0.11154983983032944,0.16249770479704662,1,5,support_seed,within_category,support_seed_interval
patchcore,1,pcb4,mean_anomaly_mask_f1,0.1565516664587841,0.041019644808184014,0.12329044820165265,0.1823879672489826,1,5,support_seed,within_category,support_seed_interval
patchcore,2,macro,mean_anomaly_mask_f1,0.2008269225964769,0.010906609827780694,0.1932038585573367,0.2096267387507976,4,5,support_seed,category_macro,support_seed_interval
patchcore,2,pcb1,mean_anomaly_mask_f1,0.1483707357800201,0.03480499794766292,0.13001652480994674,0.18034742538946053,1,5,support_seed,within_category,support_seed_interval
patchcore,2,pcb2,mean_anomaly_mask_f1,0.19321465425020434,0.012095974540489302,0.1843632294360571,0.2020660790643516,1,5,support_seed,within_category,support_seed_interval
patchcore,2,pcb3,mean_anomaly_mask_f1,0.18835729680754457,0.013659792442539061,0.17763704512832632,0.19816804368520483,1,5,support_seed,within_category,support_seed_interval
patchcore,2,pcb4,mean_anomaly_mask_f1,0.2733650035481386,0.021727247405897782,0.25807474079464227,0.2907816422469848,1,5,support_seed,within_category,support_seed_interval
patchcore,4,macro,mean_anomaly_mask_f1,0.23027545101240085,0.01719296100554789,0.21744853829277294,0.24302740554278762,4,5,support_seed,category_macro,support_seed_interval
patchcore,4,pcb1,mean_anomaly_mask_f1,0.17872281648480368,0.04122510161841545,0.1479253481244544,0.20952028484515295,1,5,support_seed,within_category,support_seed_interval
patchcore,4,pcb2,mean_anomaly_mask_f1,0.23125552101646138,0.010474943144654617,0.22331983048416734,0.23920304199871684,1,5,support_seed,within_category,support_seed_interval
patchcore,4,pcb3,mean_anomaly_mask_f1,0.20426555976857955,0.011605358171572728,0.194973436697101,0.2136701596976382,1,5,support_seed,within_category,support_seed_interval
patchcore,4,pcb4,mean_anomaly_mask_f1,0.3068579067797589,0.03898587336256417,0.28515840919937796,0.3427164504871307,1,5,support_seed,within_category,support_seed_interval
sam2_only,0,macro,mean_anomaly_mask_f1,0.006930123339350175,,,,4,1,support_seed,category_macro,descriptive_single_run
sam2_only,0,pcb1,mean_anomaly_mask_f1,0.009672796537149623,,,,1,1,support_seed,within_category,descriptive_single_run
sam2_only,0,pcb2,mean_anomaly_mask_f1,0.006896684534270952,,,,1,1,support_seed,within_category,descriptive_single_run
sam2_only,0,pcb3,mean_anomaly_mask_f1,0.00585844383000789,,,,1,1,support_seed,within_category,descriptive_single_run
sam2_only,0,pcb4,mean_anomaly_mask_f1,0.005292568455972237,,,,1,1,support_seed,within_category,descriptive_single_run
anomaly_consistent_sam2,1,macro,mean_anomaly_mask_iou,0.18040912559148006,0.016345632799245117,0.16787563347476334,0.1929426177081968,4,5,support_seed,category_macro,support_seed_interval
anomaly_consistent_sam2,1,pcb1,mean_anomaly_mask_iou,0.24110480476340382,0.01458045835896305,0.23005808782234874,0.25201014957896606,1,5,support_seed,within_category,support_seed_interval
anomaly_consistent_sam2,1,pcb2,mean_anomaly_mask_iou,0.1749390828348228,0.044069211396895534,0.14266641355731352,0.21204093374061408,1,5,support_seed,within_category,support_seed_interval
anomaly_consistent_sam2,1,pcb3,mean_anomaly_mask_iou,0.16157548049743056,0.01699231712625662,0.1486543922175732,0.1749065676818339,1,5,support_seed,within_category,support_seed_interval
anomaly_consistent_sam2,1,pcb4,mean_anomaly_mask_iou,0.1440171342702631,0.010246308037038725,0.13585650411549205,0.1521777644250341,1,5,support_seed,within_category,support_seed_interval
anomaly_consistent_sam2,2,macro,mean_anomaly_mask_iou,0.20303838813702524,0.00637832020462868,0.19760066719061503,0.2069371301016678,4,5,support_seed,category_macro,support_seed_interval
anomaly_consistent_sam2,2,pcb1,mean_anomaly_mask_iou,0.24825638007873913,0.02192106531254992,0.23241752200705762,0.2674332225385862,1,5,support_seed,within_category,support_seed_interval
anomaly_consistent_sam2,2,pcb2,mean_anomaly_mask_iou,0.22901242833322616,0.009978987177666394,0.22091270137533425,0.2355244692625964,1,5,support_seed,within_category,support_seed_interval
anomaly_consistent_sam2,2,pcb3,mean_anomaly_mask_iou,0.1858976143953873,0.020396989600504685,0.17073556582596733,0.20105966296480723,1,5,support_seed,within_category,support_seed_interval
anomaly_consistent_sam2,2,pcb4,mean_anomaly_mask_iou,0.14898712974074835,0.010504718868194903,0.14129742740524548,0.1566768320762512,1,5,support_seed,within_category,support_seed_interval
anomaly_consistent_sam2,4,macro,mean_anomaly_mask_iou,0.218342503732578,0.008252966979850904,0.21202311804197,0.22466188942318593,4,5,support_seed,category_macro,support_seed_interval
anomaly_consistent_sam2,4,pcb1,mean_anomaly_mask_iou,0.2625629619834378,0.037036156379449806,0.23440307670079563,0.29031080058968184,1,5,support_seed,within_category,support_seed_interval
anomaly_consistent_sam2,4,pcb2,mean_anomaly_mask_iou,0.2462899623678855,0.013003197225527913,0.23462009766280273,0.2543141625954378,1,5,support_seed,within_category,support_seed_interval
anomaly_consistent_sam2,4,pcb3,mean_anomaly_mask_iou,0.2083058711240668,0.007277081090205934,0.20299471525002638,0.21452674366449914,1,5,support_seed,within_category,support_seed_interval
anomaly_consistent_sam2,4,pcb4,mean_anomaly_mask_iou,0.15621121945492186,0.011652045480124208,0.14756123356977557,0.16486120534006815,1,5,support_seed,within_category,support_seed_interval
dinov2_multi,1,macro,mean_anomaly_mask_iou,0.13231806321128503,0.006003900342517227,0.12746505559516516,0.1368868689474892,4,5,support_seed,category_macro,support_seed_interval
dinov2_multi,1,pcb1,mean_anomaly_mask_iou,0.1653434158363727,0.004986841538778322,0.16119211473268066,0.16867193609891623,1,5,support_seed,within_category,support_seed_interval
dinov2_multi,1,pcb2,mean_anomaly_mask_iou,0.1307682292454468,0.017255748284270275,0.11721144865133253,0.1445916618792215,1,5,support_seed,within_category,support_seed_interval
dinov2_multi,1,pcb3,mean_anomaly_mask_iou,0.11937855158785786,0.004699745925796845,0.11550023467621953,0.12289028867606033,1,5,support_seed,within_category,support_seed_interval
dinov2_multi,1,pcb4,mean_anomaly_mask_iou,0.1137820561754628,0.0050968803936655635,0.11032861049105684,0.1179816189390039,1,5,support_seed,within_category,support_seed_interval
dinov2_multi,2,macro,mean_anomaly_mask_iou,0.14463754018601852,0.010629026677072816,0.13839193950138362,0.15426322887129756,4,5,support_seed,category_macro,support_seed_interval
dinov2_multi,2,pcb1,mean_anomaly_mask_iou,0.17537521679234963,0.03578154163996332,0.15634671878339748,0.20829286749343928,1,5,support_seed,within_category,support_seed_interval
dinov2_multi,2,pcb2,mean_anomaly_mask_iou,0.15491438566261434,0.009012366353542512,0.14692014370823217,0.16038166026666695,1,5,support_seed,within_category,support_seed_interval
dinov2_multi,2,pcb3,mean_anomaly_mask_iou,0.1355914187052701,0.010471703537538377,0.12681937241799207,0.1433809301112388,1,5,support_seed,within_category,support_seed_interval
dinov2_multi,2,pcb4,mean_anomaly_mask_iou,0.11266913958384002,0.00659489525968206,0.10688078545131183,0.11637957830085166,1,5,support_seed,within_category,support_seed_interval
dinov2_multi,4,macro,mean_anomaly_mask_iou,0.15531802275719803,0.008822174981601746,0.14844898730754374,0.16218705820685228,4,5,support_seed,category_macro,support_seed_interval
dinov2_multi,4,pcb1,mean_anomaly_mask_iou,0.1978405002716854,0.043304493063241425,0.16383993927201612,0.23184106127135468,1,5,support_seed,within_category,support_seed_interval
dinov2_multi,4,pcb2,mean_anomaly_mask_iou,0.16042712991973068,0.0071818704623990565,0.15439121624396496,0.16528215497235327,1,5,support_seed,within_category,support_seed_interval
dinov2_multi,4,pcb3,mean_anomaly_mask_iou,0.14687485358128533,0.006476408534442102,0.14256369594733376,0.15220490435721748,1,5,support_seed,within_category,support_seed_interval
dinov2_multi,4,pcb4,mean_anomaly_mask_iou,0.11612960725609071,0.008498475352859941,0.10962919628987693,0.12263001822230449,1,5,support_seed,within_category,support_seed_interval
dinov2_multi_sam2,1,macro,mean_anomaly_mask_iou,0.17075779562211973,0.015862226884272634,0.15799116508702765,0.18281107202331037,4,5,support_seed,category_macro,support_seed_interval
dinov2_multi_sam2,1,pcb1,mean_anomaly_mask_iou,0.19185580978715994,0.01432943758594694,0.17918685071681695,0.20186115933732932,1,5,support_seed,within_category,support_seed_interval
dinov2_multi_sam2,1,pcb2,mean_anomaly_mask_iou,0.1612388343372289,0.03952331210268644,0.13167713399240735,0.19192485708363477,1,5,support_seed,within_category,support_seed_interval
dinov2_multi_sam2,1,pcb3,mean_anomaly_mask_iou,0.15620148029820063,0.019599889176456057,0.1415380834714299,0.1708648771249714,1,5,support_seed,within_category,support_seed_interval
dinov2_multi_sam2,1,pcb4,mean_anomaly_mask_iou,0.1737350580658894,0.014780728877670872,0.1621340078515624,0.1853361082802164,1,5,support_seed,within_category,support_seed_interval
dinov2_multi_sam2,2,macro,mean_anomaly_mask_iou,0.19069862547619507,0.007681791150739863,0.18422514000900111,0.19681137609406077,4,5,support_seed,category_macro,support_seed_interval
dinov2_multi_sam2,2,pcb1,mean_anomaly_mask_iou,0.1989668201089701,0.03416126283240505,0.17709493229310447,0.23078862647855775,1,5,support_seed,within_category,support_seed_interval
dinov2_multi_sam2,2,pcb2,mean_anomaly_mask_iou,0.2067995292771873,0.008265576258724178,0.19998162714922998,0.21215938290531766,1,5,support_seed,within_category,support_seed_interval
dinov2_multi_sam2,2,pcb3,mean_anomaly_mask_iou,0.17647752400079814,0.016482461803312795,0.16436745782247625,0.18858759017912002,1,5,support_seed,within_category,support_seed_interval
dinov2_multi_sam2,2,pcb4,mean_anomaly_mask_iou,0.18055062851782466,0.015207111325811451,0.1689455400373852,0.19215571699826411,1,5,support_seed,within_category,support_seed_interval
dinov2_multi_sam2,4,macro,mean_anomaly_mask_iou,0.20412084211166331,0.009907211863255884,0.19682342452435467,0.21198825823277306,4,5,support_seed,category_macro,support_seed_interval
dinov2_multi_sam2,4,pcb1,mean_anomaly_mask_iou,0.21112192208000252,0.04322253699264629,0.1773088660102227,0.24493497814978227,1,5,support_seed,within_category,support_seed_interval
dinov2_multi_sam2,4,pcb2,mean_anomaly_mask_iou,0.2208195394520393,0.01031987683178357,0.21168025262514406,0.2262896493463536,1,5,support_seed,within_category,support_seed_interval
dinov2_multi_sam2,4,pcb3,mean_anomaly_mask_iou,0.19605679104032384,0.0052728416648956476,0.1919704885831568,0.20007151839360104,1,5,support_seed,within_category,support_seed_interval
dinov2_multi_sam2,4,pcb4,mean_anomaly_mask_iou,0.18848511587428754,0.017195916761587233,0.1758108268910968,0.20264207688077365,1,5,support_seed,within_category,support_seed_interval
dinov2_single,1,macro,mean_anomaly_mask_iou,0.12294616067935962,0.005741048291752889,0.11871692493498412,0.12802595270367423,4,5,support_seed,category_macro,support_seed_interval
dinov2_single,1,pcb1,mean_anomaly_mask_iou,0.1278815022496731,0.003022716869542384,0.12518296924392142,0.1298693623038038,1,5,support_seed,within_category,support_seed_interval
dinov2_single,1,pcb2,mean_anomaly_mask_iou,0.12798225560058862,0.010049912091077456,0.11971584373893289,0.13576420548313523,1,5,support_seed,within_category,support_seed_interval
dinov2_single,1,pcb3,mean_anomaly_mask_iou,0.10407487949697854,0.014827173444361417,0.09451573705887827,0.11684248761676827,1,5,support_seed,within_category,support_seed_interval
dinov2_single,1,pcb4,mean_anomaly_mask_iou,0.13184600537019817,0.0111208801101433,0.12243006764196726,0.14068839708787487,1,5,support_seed,within_category,support_seed_interval
dinov2_single,2,macro,mean_anomaly_mask_iou,0.14116092635563254,0.014196569191690375,0.13312559300697058,0.1540201708882667,4,5,support_seed,category_macro,support_seed_interval
dinov2_single,2,pcb1,mean_anomaly_mask_iou,0.1463853456586242,0.050579395496549176,0.12217410259237368,0.19175011452055785,1,5,support_seed,within_category,support_seed_interval
dinov2_single,2,pcb2,mean_anomaly_mask_iou,0.15358841006516624,0.006948674061260371,0.1483915718073934,0.1587852483229391,1,5,support_seed,within_category,support_seed_interval
dinov2_single,2,pcb3,mean_anomaly_mask_iou,0.11915093852992635,0.014147737592277299,0.10881063396920101,0.1300694494902533,1,5,support_seed,within_category,support_seed_interval
dinov2_single,2,pcb4,mean_anomaly_mask_iou,0.14551901116881333,0.005308154210791269,0.1418270027526546,0.14998671756329132,1,5,support_seed,within_category,support_seed_interval
dinov2_single,4,macro,mean_anomaly_mask_iou,0.1560072457058999,0.012687399248512601,0.1464760909744987,0.1661286309393865,4,5,support_seed,category_macro,support_seed_interval
dinov2_single,4,pcb1,mean_anomaly_mask_iou,0.17065270447715647,0.04915974933819587,0.1322396108354965,0.20906579811881637,1,5,support_seed,within_category,support_seed_interval
dinov2_single,4,pcb2,mean_anomaly_mask_iou,0.16017676489298982,0.0037809468949233146,0.15705660496189622,0.1632067457948587,1,5,support_seed,within_category,support_seed_interval
dinov2_single,4,pcb3,mean_anomaly_mask_iou,0.13409197855592203,0.0037106331819269857,0.13150624624788065,0.13711015701008672,1,5,support_seed,within_category,support_seed_interval
dinov2_single,4,pcb4,mean_anomaly_mask_iou,0.1591075348975312,0.007192567197871866,0.15395594495026327,0.1648467994537018,1,5,support_seed,within_category,support_seed_interval
dinov2_single_sam2,1,macro,mean_anomaly_mask_iou,0.15549014339510947,0.007828554224355747,0.14939840219053604,0.1615546584794243,4,5,support_seed,category_macro,support_seed_interval
dinov2_single_sam2,1,pcb1,mean_anomaly_mask_iou,0.1610715548191416,0.010763125213565029,0.15441804280945123,0.17054874194760938,1,5,support_seed,within_category,support_seed_interval
dinov2_single_sam2,1,pcb2,mean_anomaly_mask_iou,0.16702106950418524,0.01577025932922668,0.1548556067912265,0.17918653221714398,1,5,support_seed,within_category,support_seed_interval
dinov2_single_sam2,1,pcb3,mean_anomaly_mask_iou,0.11976700218512666,0.017025586417716367,0.10844988430393117,0.1338216941167143,1,5,support_seed,within_category,support_seed_interval
dinov2_single_sam2,1,pcb4,mean_anomaly_mask_iou,0.17410094707198429,0.01655916053618944,0.16089011940616013,0.1860840236906689,1,5,support_seed,within_category,support_seed_interval
dinov2_single_sam2,2,macro,mean_anomaly_mask_iou,0.17695431940571607,0.01902468078525427,0.1661291284476237,0.19355903134517377,4,5,support_seed,category_macro,support_seed_interval
dinov2_single_sam2,2,pcb1,mean_anomaly_mask_iou,0.18274512284466743,0.05846098900244355,0.15242418869701738,0.23480954491644832,1,5,support_seed,within_category,support_seed_interval
dinov2_single_sam2,2,pcb2,mean_anomaly_mask_iou,0.20051705634075062,0.013281606263308564,0.19046341810292025,0.21016737159535195,1,5,support_seed,within_category,support_seed_interval
dinov2_single_sam2,2,pcb3,mean_anomaly_mask_iou,0.13499134631257687,0.014502054976676098,0.12408710929165163,0.14589558333350214,1,5,support_seed,within_category,support_seed_interval
dinov2_single_sam2,2,pcb4,mean_anomaly_mask_iou,0.18956375212486928,0.007568495693282686,0.18386338520753825,0.19560388132489095,1,5,support_seed,within_category,support_seed_interval
dinov2_single_sam2,4,macro,mean_anomaly_mask_iou,0.19495547448982395,0.016950708713427055,0.18328902559996377,0.2085532421964326,4,5,support_seed,category_macro,support_seed_interval
dinov2_single_sam2,4,pcb1,mean_anomaly_mask_iou,0.20834878958883993,0.0568044340787684,0.16465834133285978,0.2520392378448201,1,5,support_seed,within_category,support_seed_interval
dinov2_single_sam2,4,pcb2,mean_anomaly_mask_iou,0.21030245731221253,0.007739313938958024,0.20344679020607687,0.21534347415778649,1,5,support_seed,within_category,support_seed_interval
dinov2_single_sam2,4,pcb3,mean_anomaly_mask_iou,0.15297323282433758,0.01075228005225758,0.14461376133878764,0.1613327043098875,1,5,support_seed,within_category,support_seed_interval
dinov2_single_sam2,4,pcb4,mean_anomaly_mask_iou,0.20819741823390578,0.008090111331059574,0.20246474486521465,0.2153466263208273,1,5,support_seed,within_category,support_seed_interval
patchcore,1,macro,mean_anomaly_mask_iou,0.08778081096205351,0.006232082662123396,0.0846732189231801,0.09333978535419038,4,5,support_seed,category_macro,support_seed_interval
patchcore,1,pcb1,mean_anomaly_mask_iou,0.08549737517792359,0.005713122994991439,0.08052973104324176,0.09013502750211128,1,5,support_seed,within_category,support_seed_interval
patchcore,1,pcb2,mean_anomaly_mask_iou,0.08404849298822246,0.008568014141215068,0.07801184905970612,0.09117272852085728,1,5,support_seed,within_category,support_seed_interval
patchcore,1,pcb3,mean_anomaly_mask_iou,0.08721263075903232,0.018403960323939157,0.07276072273810946,0.10166453877995518,1,5,support_seed,within_category,support_seed_interval
patchcore,1,pcb4,mean_anomaly_mask_iou,0.09436474492303562,0.025008647009634188,0.07341713206421234,0.11054097226828925,1,5,support_seed,within_category,support_seed_interval
patchcore,2,macro,mean_anomaly_mask_iou,0.12447103558979115,0.008356673666789058,0.11883368028938175,0.13142202418561358,4,5,support_seed,category_macro,support_seed_interval
patchcore,2,pcb1,mean_anomaly_mask_iou,0.09867048091559857,0.027146509113575707,0.08478007837693259,0.12334655387704449,1,5,support_seed,within_category,support_seed_interval
patchcore,2,pcb2,mean_anomaly_mask_iou,0.11444828288698142,0.007150272052713544,0.10912380409057613,0.11977276168338666,1,5,support_seed,within_category,support_seed_interval
patchcore,2,pcb3,mean_anomaly_mask_iou,0.11807063415693875,0.008194325713411638,0.11147331291321483,0.12399434194228298,1,5,support_seed,within_category,support_seed_interval
patchcore,2,pcb4,mean_anomaly_mask_iou,0.16669474439964588,0.014642480148811862,0.15605026372243297,0.17886354077444241,1,5,support_seed,within_category,support_seed_interval
patchcore,4,macro,mean_anomaly_mask_iou,0.1438939701371543,0.013347387327081975,0.13401299116733262,0.1538091131403982,4,5,support_seed,category_macro,support_seed_interval
patchcore,4,pcb1,mean_anomaly_mask_iou,0.11977823930894718,0.030387660715696915,0.09675647021632298,0.14280000840157134,1,5,support_seed,within_category,support_seed_interval
patchcore,4,pcb2,mean_anomaly_mask_iou,0.13879920178636543,0.007320407218654137,0.13320268382478154,0.1443912300286996,1,5,support_seed,within_category,support_seed_interval
patchcore,4,pcb3,mean_anomaly_mask_iou,0.12618364564572407,0.007390040875772558,0.12010636492603413,0.13205707632885194,1,5,support_seed,within_category,support_seed_interval
patchcore,4,pcb4,mean_anomaly_mask_iou,0.1908147938075805,0.030081099695471875,0.1742110221817076,0.2183662260376651,1,5,support_seed,within_category,support_seed_interval
sam2_only,0,macro,mean_anomaly_mask_iou,0.0035515922528578376,,,,4,1,support_seed,category_macro,descriptive_single_run
sam2_only,0,pcb1,mean_anomaly_mask_iou,0.005067287181411938,,,,1,1,support_seed,within_category,descriptive_single_run
sam2_only,0,pcb2,mean_anomaly_mask_iou,0.00350623491409108,,,,1,1,support_seed,within_category,descriptive_single_run
sam2_only,0,pcb3,mean_anomaly_mask_iou,0.0029619101219448907,,,,1,1,support_seed,within_category,descriptive_single_run
sam2_only,0,pcb4,mean_anomaly_mask_iou,0.002670936793983442,,,,1,1,support_seed,within_category,descriptive_single_run
anomaly_consistent_sam2,1,macro,mean_anomaly_mask_precision,0.2672554113647292,0.015405053039314947,0.25507436570174746,0.27943645702771086,4,5,support_seed,category_macro,support_seed_interval
anomaly_consistent_sam2,1,pcb1,mean_anomaly_mask_precision,0.2749493712972481,0.01674491523929951,0.2613391281878769,0.28787365351471933,1,5,support_seed,within_category,support_seed_interval
anomaly_consistent_sam2,1,pcb2,mean_anomaly_mask_precision,0.22196447951468898,0.047642174481224125,0.18656830891029336,0.26094730784131814,1,5,support_seed,within_category,support_seed_interval
anomaly_consistent_sam2,1,pcb3,mean_anomaly_mask_precision,0.23834900944954568,0.027152376823807157,0.21800307083503592,0.25982029950719016,1,5,support_seed,within_category,support_seed_interval
anomaly_consistent_sam2,1,pcb4,mean_anomaly_mask_precision,0.33375878519743374,0.02485046864414795,0.31110585052849526,0.34654898472220885,1,5,support_seed,within_category,support_seed_interval
anomaly_consistent_sam2,2,macro,mean_anomaly_mask_precision,0.2911257975379315,0.014335399242485282,0.2807312661385023,0.3031665903410874,4,5,support_seed,category_macro,support_seed_interval
anomaly_consistent_sam2,2,pcb1,mean_anomaly_mask_precision,0.28928430231813895,0.04156698760939164,0.26278031207885244,0.3272435240547141,1,5,support_seed,within_category,support_seed_interval
anomaly_consistent_sam2,2,pcb2,mean_anomaly_mask_precision,0.2790968460197503,0.011455412964496743,0.2691278178900014,0.28637153596745646,1,5,support_seed,within_category,support_seed_interval
anomaly_consistent_sam2,2,pcb3,mean_anomaly_mask_precision,0.262864179433348,0.024582865965380733,0.2436463887811676,0.2820819700855284,1,5,support_seed,within_category,support_seed_interval
anomaly_consistent_sam2,2,pcb4,mean_anomaly_mask_precision,0.33325786238048866,0.019460059076242733,0.317196669417421,0.3477821532504993,1,5,support_seed,within_category,support_seed_interval
anomaly_consistent_sam2,4,macro,mean_anomaly_mask_precision,0.30854556626552265,0.014358434100791361,0.2976288698038655,0.3194622627271798,4,5,support_seed,category_macro,support_seed_interval
anomaly_consistent_sam2,4,pcb1,mean_anomaly_mask_precision,0.3067224546126518,0.05348192535831617,0.26521103759431147,0.34823387163099206,1,5,support_seed,within_category,support_seed_interval
anomaly_consistent_sam2,4,pcb2,mean_anomaly_mask_precision,0.29494354788377486,0.013959770121501977,0.28299053113513384,0.30363407201194226,1,5,support_seed,within_category,support_seed_interval
anomaly_consistent_sam2,4,pcb3,mean_anomaly_mask_precision,0.28859273530877105,0.01051633828745911,0.28038575045874214,0.2967997201588001,1,5,support_seed,within_category,support_seed_interval
anomaly_consistent_sam2,4,pcb4,mean_anomaly_mask_precision,0.3439235272568929,0.019731533842165788,0.33029235424317926,0.3606610443785325,1,5,support_seed,within_category,support_seed_interval
dinov2_multi,1,macro,mean_anomaly_mask_precision,0.17268585487855165,0.005374346527003972,0.16897306869926054,0.17742920104755852,4,5,support_seed,category_macro,support_seed_interval
dinov2_multi,1,pcb1,mean_anomaly_mask_precision,0.17323978684182656,0.0064899908195823666,0.16747352983133476,0.17636749311874342,1,5,support_seed,within_category,support_seed_interval
dinov2_multi,1,pcb2,mean_anomaly_mask_precision,0.15547690450617496,0.0169314814889572,0.14158706968686466,0.16878054463457476,1,5,support_seed,within_category,support_seed_interval
dinov2_multi,1,pcb3,mean_anomaly_mask_precision,0.15620532355267347,0.008018986986910318,0.1500248186912811,0.1623858284140658,1,5,support_seed,within_category,support_seed_interval
dinov2_multi,1,pcb4,mean_anomaly_mask_precision,0.20582140461353154,0.015839911654154618,0.1935853892270229,0.2176393070219841,1,5,support_seed,within_category,support_seed_interval
dinov2_multi,2,macro,mean_anomaly_mask_precision,0.18191453122010642,0.015883874687329037,0.17341368901047113,0.19623906709221062,4,5,support_seed,category_macro,support_seed_interval
dinov2_multi,2,pcb1,mean_anomaly_mask_precision,0.1858019355313565,0.04772401185931836,0.16096370794210876,0.2294917199515786,1,5,support_seed,within_category,support_seed_interval
dinov2_multi,2,pcb2,mean_anomaly_mask_precision,0.1764147793487504,0.010989855057496948,0.16715998151723988,0.18351521727661874,1,5,support_seed,within_category,support_seed_interval
dinov2_multi,2,pcb3,mean_anomaly_mask_precision,0.1700650580725795,0.009113139238989688,0.16202008338516877,0.1765664358475149,1,5,support_seed,within_category,support_seed_interval
dinov2_multi,2,pcb4,mean_anomaly_mask_precision,0.19537635192773922,0.009543151908043897,0.18837621915636324,0.20292047983149358,1,5,support_seed,within_category,support_seed_interval
dinov2_multi,4,macro,mean_anomaly_mask_precision,0.19187768331814128,0.012447186949849202,0.18237047726214298,0.2018615108642316,4,5,support_seed,category_macro,support_seed_interval
dinov2_multi,4,pcb1,mean_anomaly_mask_precision,0.20979090758159796,0.05261818028294075,0.16841057442211071,0.25117124074108527,1,5,support_seed,within_category,support_seed_interval
dinov2_multi,4,pcb2,mean_anomaly_mask_precision,0.1802912315941751,0.0072779408876867836,0.17449931083938372,0.1852542353341596,1,5,support_seed,within_category,support_seed_interval
dinov2_multi,4,pcb3,mean_anomaly_mask_precision,0.180708459749297,0.00557989231914365,0.17711703078031707,0.18554615485144405,1,5,support_seed,within_category,support_seed_interval
dinov2_multi,4,pcb4,mean_anomaly_mask_precision,0.19672013434749505,0.013190301954353343,0.18594094582830603,0.20570051304900014,1,5,support_seed,within_category,support_seed_interval
dinov2_multi_sam2,1,macro,mean_anomaly_mask_precision,0.22466579265666153,0.014564770385249157,0.21326550326200966,0.23606608205131346,4,5,support_seed,category_macro,support_seed_interval
dinov2_multi_sam2,1,pcb1,mean_anomaly_mask_precision,0.2082114460505272,0.015058022002674228,0.1956431468365017,0.21867798114018164,1,5,support_seed,within_category,support_seed_interval
dinov2_multi_sam2,1,pcb2,mean_anomaly_mask_precision,0.18409385184438137,0.04216487321069348,0.15212091276686793,0.21606679092189482,1,5,support_seed,within_category,support_seed_interval
dinov2_multi_sam2,1,pcb3,mean_anomaly_mask_precision,0.19531977618811913,0.02239447077515046,0.17821441478088634,0.21242513759535192,1,5,support_seed,within_category,support_seed_interval
dinov2_multi_sam2,1,pcb4,mean_anomaly_mask_precision,0.31103809654361864,0.01866561476893544,0.29425212836462966,0.32262547454319696,1,5,support_seed,within_category,support_seed_interval
dinov2_multi_sam2,2,macro,mean_anomaly_mask_precision,0.2449479549347066,0.013595788987974755,0.23622589000307964,0.25743997209448155,4,5,support_seed,category_macro,support_seed_interval
dinov2_multi_sam2,2,pcb1,mean_anomaly_mask_precision,0.21892145818112674,0.04510590993226322,0.19179226666567056,0.26083405655672326,1,5,support_seed,within_category,support_seed_interval
dinov2_multi_sam2,2,pcb2,mean_anomaly_mask_precision,0.23178846942572773,0.011550543655516237,0.22262333335362924,0.24016584550808381,1,5,support_seed,within_category,support_seed_interval
dinov2_multi_sam2,2,pcb3,mean_anomaly_mask_precision,0.21712100797403538,0.020356170024715185,0.2012318786843616,0.2330101372637091,1,5,support_seed,within_category,support_seed_interval
dinov2_multi_sam2,2,pcb4,mean_anomaly_mask_precision,0.3119608841579367,0.01365273702698759,0.30197835968078957,0.3233986026419025,1,5,support_seed,within_category,support_seed_interval
dinov2_multi_sam2,4,macro,mean_anomaly_mask_precision,0.25809760542174176,0.013574749237448768,0.24749091302285323,0.26870429782063027,4,5,support_seed,category_macro,support_seed_interval
dinov2_multi_sam2,4,pcb1,mean_anomaly_mask_precision,0.2334963249508067,0.05140250259395143,0.19304046644733233,0.2739521834542811,1,5,support_seed,within_category,support_seed_interval
dinov2_multi_sam2,4,pcb2,mean_anomaly_mask_precision,0.2441406000157142,0.010755261935640947,0.23452790432042808,0.24982107635510728,1,5,support_seed,within_category,support_seed_interval
dinov2_multi_sam2,4,pcb3,mean_anomaly_mask_precision,0.23746484307254828,0.009147856588642906,0.2297247814108753,0.24421932591607884,1,5,support_seed,within_category,support_seed_interval
dinov2_multi_sam2,4,pcb4,mean_anomaly_mask_precision,0.31728865364789777,0.018144122548886803,0.3057449288300519,0.33267787999732923,1,5,support_seed,within_category,support_seed_interval
dinov2_single,1,macro,mean_anomaly_mask_precision,0.1668709371075171,0.007690305416098744,0.16060795655523386,0.17261581510626275,4,5,support_seed,category_macro,support_seed_interval
dinov2_single,1,pcb1,mean_anomaly_mask_precision,0.13496665014483405,0.004211003203720962,0.13157061608866508,0.1378842311310659,1,5,support_seed,within_category,support_seed_interval
dinov2_single,1,pcb2,mean_anomaly_mask_precision,0.1581516866629373,0.011339961487395968,0.15064841630766518,0.16840480727773868,1,5,support_seed,within_category,support_seed_interval
dinov2_single,1,pcb3,mean_anomaly_mask_precision,0.14169224598303298,0.0185180575921645,0.12792925762654592,0.157114163694338,1,5,support_seed,within_category,support_seed_interval
dinov2_single,1,pcb4,mean_anomaly_mask_precision,0.23267316563926405,0.017904708353800643,0.21886763665911024,0.2461384709279893,1,5,support_seed,within_category,support_seed_interval
dinov2_single,2,macro,mean_anomaly_mask_precision,0.18062493012367886,0.02077035495821324,0.1700029211781159,0.19965987847990402,4,5,support_seed,category_macro,support_seed_interval
dinov2_single,2,pcb1,mean_anomaly_mask_precision,0.1564098145712406,0.05942958650045373,0.12773996710692867,0.20952188113544207,1,5,support_seed,within_category,support_seed_interval
dinov2_single,2,pcb2,mean_anomaly_mask_precision,0.17932164357668348,0.011466689386196731,0.17079181972462498,0.18824895425531085,1,5,support_seed,within_category,support_seed_interval
dinov2_single,2,pcb3,mean_anomaly_mask_precision,0.1568438005142967,0.012463426229099775,0.14730883738624667,0.16637876364234674,1,5,support_seed,within_category,support_seed_interval
dinov2_single,2,pcb4,mean_anomaly_mask_precision,0.2299244618324947,0.021850151785248653,0.2163738435330144,0.24858044432690177,1,5,support_seed,within_category,support_seed_interval
dinov2_single,4,macro,mean_anomaly_mask_precision,0.18858354415753792,0.018887739996852188,0.17613561324314253,0.20505271842954423,4,5,support_seed,category_macro,support_seed_interval
dinov2_single,4,pcb1,mean_anomaly_mask_precision,0.1800570909307352,0.054280721389792334,0.1380833137479754,0.22203086811349498,1,5,support_seed,within_category,support_seed_interval
dinov2_single,4,pcb2,mean_anomaly_mask_precision,0.18000045798383807,0.004426802373214935,0.1763554062443279,0.18308618765385615,1,5,support_seed,within_category,support_seed_interval
dinov2_single,4,pcb3,mean_anomaly_mask_precision,0.1663313691293204,0.010124135476502046,0.15786192946473837,0.17294936768396893,1,5,support_seed,within_category,support_seed_interval
dinov2_single,4,pcb4,mean_anomaly_mask_precision,0.22794525858625786,0.029296760453910407,0.2093278853375902,0.25506559507504256,1,5,support_seed,within_category,support_seed_interval
dinov2_single_sam2,1,macro,mean_anomaly_mask_precision,0.19992991291213444,0.009617051626064911,0.19155630822215247,0.20644236521315545,4,5,support_seed,category_macro,support_seed_interval
dinov2_single_sam2,1,pcb1,mean_anomaly_mask_precision,0.17306160199351472,0.011674384964924829,0.1659276103263157,0.18354354194974687,1,5,support_seed,within_category,support_seed_interval
dinov2_single_sam2,1,pcb2,mean_anomaly_mask_precision,0.1951669293847176,0.01810013294297124,0.18053799227839817,0.20949263188369538,1,5,support_seed,within_category,support_seed_interval
dinov2_single_sam2,1,pcb3,mean_anomaly_mask_precision,0.15366235029822278,0.022807162188253335,0.13650238624536032,0.17204317323883547,1,5,support_seed,within_category,support_seed_interval
dinov2_single_sam2,1,pcb4,mean_anomaly_mask_precision,0.2778287699720827,0.011347106955087075,0.2695714727539073,0.28625015147000166,1,5,support_seed,within_category,support_seed_interval
dinov2_single_sam2,2,macro,mean_anomaly_mask_precision,0.2178419911856404,0.025537586677227643,0.20402408575929581,0.24086628629827017,4,5,support_seed,category_macro,support_seed_interval
dinov2_single_sam2,2,pcb1,mean_anomaly_mask_precision,0.19670151452976956,0.06567813971039327,0.16252428633536745,0.2553049123784236,1,5,support_seed,within_category,support_seed_interval
dinov2_single_sam2,2,pcb2,mean_anomaly_mask_precision,0.22584753906478444,0.017858661375080978,0.21282960163504433,0.23900054086182707,1,5,support_seed,within_category,support_seed_interval
dinov2_single_sam2,2,pcb3,mean_anomaly_mask_precision,0.17174678355433293,0.011609024637925722,0.1631404715120167,0.1812130986085653,1,5,support_seed,within_category,support_seed_interval
dinov2_single_sam2,2,pcb4,mean_anomaly_mask_precision,0.2770721275936747,0.02424202612916267,0.2606041210012276,0.29654298803756607,1,5,support_seed,within_category,support_seed_interval
dinov2_single_sam2,4,macro,mean_anomaly_mask_precision,0.22946876823818346,0.024474901400203516,0.2144685018486984,0.25049582539932946,4,5,support_seed,category_macro,support_seed_interval
dinov2_single_sam2,4,pcb1,mean_anomaly_mask_precision,0.2227421596792228,0.06238074474852403,0.1754098509390903,0.27152017062796935,1,5,support_seed,within_category,support_seed_interval
dinov2_single_sam2,4,pcb2,mean_anomaly_mask_precision,0.2317787356122354,0.009017204524198533,0.22384335660917923,0.23684300447587842,1,5,support_seed,within_category,support_seed_interval
dinov2_single_sam2,4,pcb3,mean_anomaly_mask_precision,0.18554229469448985,0.01710760601460662,0.17127664286193206,0.1983838549957933,1,5,support_seed,within_category,support_seed_interval
dinov2_single_sam2,4,pcb4,mean_anomaly_mask_precision,0.27781188296678583,0.03233464887970795,0.25781078723091505,0.3080044381186246,1,5,support_seed,within_category,support_seed_interval
patchcore,1,macro,mean_anomaly_mask_precision,0.12943372791112473,0.018636100063014374,0.11796809632956377,0.14660142625066336,4,5,support_seed,category_macro,support_seed_interval
patchcore,1,pcb1,mean_anomaly_mask_precision,0.10148105036722044,0.008245110830080055,0.09541799573699694,0.10789642293074209,1,5,support_seed,within_category,support_seed_interval
patchcore,1,pcb2,mean_anomaly_mask_precision,0.10822779739277019,0.006666538443504962,0.10363845370541243,0.11387442672064911,1,5,support_seed,within_category,support_seed_interval
patchcore,1,pcb3,mean_anomaly_mask_precision,0.11778605983565357,0.024227035158189386,0.09938128067963355,0.1357614885426978,1,5,support_seed,within_category,support_seed_interval
patchcore,1,pcb4,mean_anomaly_mask_precision,0.19024000404885472,0.061563897010700516,0.14274906078822758,0.2406761048661581,1,5,support_seed,within_category,support_seed_interval
patchcore,2,macro,mean_anomaly_mask_precision,0.15472254900390872,0.013514408088366282,0.14613303093770377,0.16662475573929297,4,5,support_seed,category_macro,support_seed_interval
patchcore,2,pcb1,mean_anomaly_mask_precision,0.11641360244771826,0.03569373222481688,0.097735738273327,0.14902988912751156,1,5,support_seed,within_category,support_seed_interval
patchcore,2,pcb2,mean_anomaly_mask_precision,0.13291333608820635,0.006873834469583661,0.12722068039515544,0.13807437246176651,1,5,support_seed,within_category,support_seed_interval
patchcore,2,pcb3,mean_anomaly_mask_precision,0.14310863197499196,0.008221729251429558,0.1365913723530245,0.1490063515011937,1,5,support_seed,within_category,support_seed_interval
patchcore,2,pcb4,mean_anomaly_mask_precision,0.22645462550471832,0.024179937041110013,0.20840270609316325,0.2460054822682649,1,5,support_seed,within_category,support_seed_interval
patchcore,4,macro,mean_anomaly_mask_precision,0.16534861007614315,0.018914277735396327,0.1523201285563194,0.18089370930590717,4,5,support_seed,category_macro,support_seed_interval
patchcore,4,pcb1,mean_anomaly_mask_precision,0.13252111555924143,0.029046564241952764,0.1102346648111654,0.15480756630731746,1,5,support_seed,within_category,support_seed_interval
patchcore,4,pcb2,mean_anomaly_mask_precision,0.15333848780556675,0.008939361566532198,0.14650515204388206,0.16016775502524488,1,5,support_seed,within_category,support_seed_interval
patchcore,4,pcb3,mean_anomaly_mask_precision,0.1457174882163192,0.010303126698764483,0.1375597139083723,0.15369189463184987,1,5,support_seed,within_category,support_seed_interval
patchcore,4,pcb4,mean_anomaly_mask_precision,0.22981734872344523,0.05515657095321438,0.19976751223511338,0.280166061823489,1,5,support_seed,within_category,support_seed_interval
sam2_only,0,macro,mean_anomaly_mask_precision,0.0036222140024980928,,,,4,1,support_seed,category_macro,descriptive_single_run
sam2_only,0,pcb1,mean_anomaly_mask_precision,0.005278914461722694,,,,1,1,support_seed,within_category,descriptive_single_run
sam2_only,0,pcb2,mean_anomaly_mask_precision,0.0035141458897866257,,,,1,1,support_seed,within_category,descriptive_single_run
sam2_only,0,pcb3,mean_anomaly_mask_precision,0.002973297094077594,,,,1,1,support_seed,within_category,descriptive_single_run
sam2_only,0,pcb4,mean_anomaly_mask_precision,0.0027224985644054567,,,,1,1,support_seed,within_category,descriptive_single_run
anomaly_consistent_sam2,1,macro,mean_anomaly_mask_recall,0.39260732746579896,0.02688844627343047,0.3714974257019525,0.4141012973905223,4,5,support_seed,category_macro,support_seed_interval
anomaly_consistent_sam2,1,pcb1,mean_anomaly_mask_recall,0.6868929311249891,0.020451132671545493,0.671640785066261,0.7024101316764991,1,5,support_seed,within_category,support_seed_interval
anomaly_consistent_sam2,1,pcb2,mean_anomaly_mask_recall,0.36050072678860723,0.08504176511491247,0.29972603505937667,0.43189505746824197,1,5,support_seed,within_category,support_seed_interval
anomaly_consistent_sam2,1,pcb3,mean_anomaly_mask_recall,0.30880286875773477,0.011267213376763318,0.29930534336281545,0.3182381709141274,1,5,support_seed,within_category,support_seed_interval
anomaly_consistent_sam2,1,pcb4,mean_anomaly_mask_recall,0.21423278319186484,0.014562868689552323,0.20286384542992647,0.22560172095380313,1,5,support_seed,within_category,support_seed_interval
anomaly_consistent_sam2,2,macro,mean_anomaly_mask_recall,0.4224978367554252,0.030366598596752465,0.39777259018025707,0.44324591824943493,4,5,support_seed,category_macro,support_seed_interval
anomaly_consistent_sam2,2,pcb1,mean_anomaly_mask_recall,0.6594452018247198,0.09361488487163239,0.5768847644538381,0.7108959819695679,1,5,support_seed,within_category,support_seed_interval
anomaly_consistent_sam2,2,pcb2,mean_anomaly_mask_recall,0.463640056599532,0.01990801593548574,0.44808993545526804,0.479190177743796,1,5,support_seed,within_category,support_seed_interval
anomaly_consistent_sam2,2,pcb3,mean_anomaly_mask_recall,0.339425146915455,0.0380410344829566,0.310451370897494,0.3683989229334161,1,5,support_seed,within_category,support_seed_interval
anomaly_consistent_sam2,2,pcb4,mean_anomaly_mask_recall,0.2274809416819938,0.01896836499885834,0.21394340215387153,0.24156260430598903,1,5,support_seed,within_category,support_seed_interval
anomaly_consistent_sam2,4,macro,mean_anomaly_mask_recall,0.44260389206121264,0.025499482609727293,0.4236689945038622,0.4624407744597946,4,5,support_seed,category_macro,support_seed_interval
anomaly_consistent_sam2,4,pcb1,mean_anomaly_mask_recall,0.652165911657957,0.08417200435482466,0.5896604365839512,0.7196373486849068,1,5,support_seed,within_category,support_seed_interval
anomaly_consistent_sam2,4,pcb2,mean_anomaly_mask_recall,0.5032811616205202,0.02077524011216375,0.4860427294709698,0.5182826900849804,1,5,support_seed,within_category,support_seed_interval
anomaly_consistent_sam2,4,pcb3,mean_anomaly_mask_recall,0.3759861735087294,0.017552758384345883,0.36260185976196085,0.38937048725549805,1,5,support_seed,within_category,support_seed_interval
anomaly_consistent_sam2,4,pcb4,mean_anomaly_mask_recall,0.2389823214576438,0.019738481406778,0.22412875064338147,0.2550980137026361,1,5,support_seed,within_category,support_seed_interval
dinov2_multi,1,macro,mean_anomaly_mask_recall,0.4546480580625552,0.026937122912217355,0.43277364671085394,0.4750921735712634,4,5,support_seed,category_macro,support_seed_interval
dinov2_multi,1,pcb1,mean_anomaly_mask_recall,0.7619375098266521,0.02239121227553774,0.743179553335132,0.777763706708117,1,5,support_seed,within_category,support_seed_interval
dinov2_multi,1,pcb2,mean_anomaly_mask_recall,0.4115768640590346,0.08322493137913156,0.35106729454423596,0.47857383902123624,1,5,support_seed,within_category,support_seed_interval
dinov2_multi,1,pcb3,mean_anomaly_mask_recall,0.37660175825910847,0.010657615778452272,0.3684526536585674,0.38452352826472114,1,5,support_seed,within_category,support_seed_interval
dinov2_multi,1,pcb4,mean_anomaly_mask_recall,0.2684761001054257,0.020100140087412708,0.25066110097023636,0.2812853151969864,1,5,support_seed,within_category,support_seed_interval
dinov2_multi,2,macro,mean_anomaly_mask_recall,0.4888903772916021,0.02935444983912434,0.465591854973148,0.5091595439028241,4,5,support_seed,category_macro,support_seed_interval
dinov2_multi,2,pcb1,mean_anomaly_mask_recall,0.7438568831143189,0.09104098490263793,0.6602630246321718,0.795517981400632,1,5,support_seed,within_category,support_seed_interval
dinov2_multi,2,pcb2,mean_anomaly_mask_recall,0.5182045551994755,0.024615803015428542,0.49878494179625343,0.5376568727460177,1,5,support_seed,within_category,support_seed_interval
dinov2_multi,2,pcb3,mean_anomaly_mask_recall,0.4138166848611096,0.037246748386294985,0.3848321409831132,0.44280122873910593,1,5,support_seed,within_category,support_seed_interval
dinov2_multi,2,pcb4,mean_anomaly_mask_recall,0.27968338599150444,0.019285588828797485,0.2657673510225246,0.29359942096048425,1,5,support_seed,within_category,support_seed_interval
dinov2_multi,4,macro,mean_anomaly_mask_recall,0.5037237438003015,0.029792388932152098,0.48122887626183797,0.5265227660508562,4,5,support_seed,category_macro,support_seed_interval
dinov2_multi,4,pcb1,mean_anomaly_mask_recall,0.7248568147979245,0.08885745335430299,0.6565469874031145,0.7934053034178338,1,5,support_seed,within_category,support_seed_interval
dinov2_multi,4,pcb2,mean_anomaly_mask_recall,0.5547255061865257,0.02287553402299747,0.5360640930892319,0.5715247839519455,1,5,support_seed,within_category,support_seed_interval
dinov2_multi,4,pcb3,mean_anomaly_mask_recall,0.4435114439773158,0.020109006698442768,0.42772031432629837,0.4583183724682809,1,5,support_seed,within_category,support_seed_interval
dinov2_multi,4,pcb4,mean_anomaly_mask_recall,0.29180121023943995,0.02083917754461387,0.27714619646806654,0.3096096200240413,1,5,support_seed,within_category,support_seed_interval
dinov2_multi_sam2,1,macro,mean_anomaly_mask_recall,0.4696082287743211,0.030698675954791248,0.4438543237477921,0.49321078841868254,4,5,support_seed,category_macro,support_seed_interval
dinov2_multi_sam2,1,pcb1,mean_anomaly_mask_recall,0.7595004726200049,0.024422075480227963,0.7407897838730028,0.777912510809549,1,5,support_seed,within_category,support_seed_interval
dinov2_multi_sam2,1,pcb2,mean_anomaly_mask_recall,0.43047059660742193,0.08704028518794704,0.3684248511759145,0.5040977728309152,1,5,support_seed,within_category,support_seed_interval
dinov2_multi_sam2,1,pcb3,mean_anomaly_mask_recall,0.38526029162448977,0.020776827711239957,0.3687208744818541,0.40131212276164485,1,5,support_seed,within_category,support_seed_interval
dinov2_multi_sam2,1,pcb4,mean_anomaly_mask_recall,0.30320155424536777,0.02764195837059904,0.2811361677981602,0.32526694069257533,1,5,support_seed,within_category,support_seed_interval
dinov2_multi_sam2,2,macro,mean_anomaly_mask_recall,0.5056680781795009,0.031789079951665924,0.47908560043747545,0.5275881016797259,4,5,support_seed,category_macro,support_seed_interval
dinov2_multi_sam2,2,pcb1,mean_anomaly_mask_recall,0.7417845531640174,0.08564170033370194,0.6644510577518069,0.7883217270518212,1,5,support_seed,within_category,support_seed_interval
dinov2_multi_sam2,2,pcb2,mean_anomaly_mask_recall,0.5387485166656156,0.015663262394485525,0.5262682267263615,0.5510539959682523,1,5,support_seed,within_category,support_seed_interval
dinov2_multi_sam2,2,pcb3,mean_anomaly_mask_recall,0.4148347363501025,0.041133916602554006,0.3837729291454145,0.4459146631262435,1,5,support_seed,within_category,support_seed_interval
dinov2_multi_sam2,2,pcb4,mean_anomaly_mask_recall,0.3273045065382679,0.035968210037707025,0.300559625258273,0.35404938781826295,1,5,support_seed,within_category,support_seed_interval
dinov2_multi_sam2,4,macro,mean_anomaly_mask_recall,0.526644316740669,0.02637460058940706,0.507169268545143,0.5486258389646387,4,5,support_seed,category_macro,support_seed_interval
dinov2_multi_sam2,4,pcb1,mean_anomaly_mask_recall,0.7277572562958445,0.07404419918295017,0.6721132789065027,0.7876652010194739,1,5,support_seed,within_category,support_seed_interval
dinov2_multi_sam2,4,pcb2,mean_anomaly_mask_recall,0.5795606521658336,0.017369798135752703,0.5648937641485774,0.5922068534215043,1,5,support_seed,within_category,support_seed_interval
dinov2_multi_sam2,4,pcb3,mean_anomaly_mask_recall,0.45387486376283964,0.017833830134082896,0.4405103863386186,0.46724905341806805,1,5,support_seed,within_category,support_seed_interval
dinov2_multi_sam2,4,pcb4,mean_anomaly_mask_recall,0.345384494738158,0.03807922309559793,0.3166983010269867,0.3747445356734097,1,5,support_seed,within_category,support_seed_interval
dinov2_single,1,macro,mean_anomaly_mask_recall,0.4695152008104844,0.035435168469554384,0.44377189684726626,0.4986012328650421,4,5,support_seed,category_macro,support_seed_interval
dinov2_single,1,pcb1,mean_anomaly_mask_recall,0.8303830267487434,0.01261521525370808,0.8207599489649361,0.841571170741347,1,5,support_seed,within_category,support_seed_interval
dinov2_single,1,pcb2,mean_anomaly_mask_recall,0.41021385588036974,0.08234231122580248,0.34688455629017767,0.47354315547056186,1,5,support_seed,within_category,support_seed_interval
dinov2_single,1,pcb3,mean_anomaly_mask_recall,0.33171554367337286,0.043960359614636416,0.3020341392149284,0.37074752520941606,1,5,support_seed,within_category,support_seed_interval
dinov2_single,1,pcb4,mean_anomaly_mask_recall,0.30574837693945156,0.046949437765144986,0.26480803083919957,0.3355354506417,1,5,support_seed,within_category,support_seed_interval
dinov2_single,2,macro,mean_anomaly_mask_recall,0.528298837708878,0.028522000107316002,0.5065997365442089,0.5494889905310313,4,5,support_seed,category_macro,support_seed_interval
dinov2_single,2,pcb1,mean_anomaly_mask_recall,0.7984556393766503,0.06998765054801823,0.7350364099695719,0.8368257180387964,1,5,support_seed,within_category,support_seed_interval
dinov2_single,2,pcb2,mean_anomaly_mask_recall,0.5295310779685247,0.026471211722800016,0.5099216354022956,0.5502115599491283,1,5,support_seed,within_category,support_seed_interval
dinov2_single,2,pcb3,mean_anomaly_mask_recall,0.41128921448578276,0.050572324031731605,0.37161501818594783,0.4512117703882665,1,5,support_seed,within_category,support_seed_interval
dinov2_single,2,pcb4,mean_anomaly_mask_recall,0.3739194190045541,0.0261839711692344,0.35412087028903316,0.3937179677200751,1,5,support_seed,within_category,support_seed_interval
dinov2_single,4,macro,mean_anomaly_mask_recall,0.5835346617891399,0.02498108747855745,0.563574393960703,0.6003167321664948,4,5,support_seed,category_macro,support_seed_interval
dinov2_single,4,pcb1,mean_anomaly_mask_recall,0.7852342834323114,0.055235445954808386,0.7428749591299857,0.8275936077346373,1,5,support_seed,within_category,support_seed_interval
dinov2_single,4,pcb2,mean_anomaly_mask_recall,0.6072512280933945,0.017279606846448015,0.5940105176851784,0.6205592783621234,1,5,support_seed,within_category,support_seed_interval
dinov2_single,4,pcb3,mean_anomaly_mask_recall,0.49320152714133475,0.03504724112911248,0.46959056144306244,0.5235467435793439,1,5,support_seed,within_category,support_seed_interval
dinov2_single,4,pcb4,mean_anomaly_mask_recall,0.448451608489519,0.03797231372575648,0.41530186114870143,0.47646542518352375,1,5,support_seed,within_category,support_seed_interval
dinov2_single_sam2,1,macro,mean_anomaly_mask_recall,0.49972332704427824,0.03334984928318425,0.47415278839909664,0.5249827167281452,4,5,support_seed,category_macro,support_seed_interval
dinov2_single_sam2,1,pcb1,mean_anomaly_mask_recall,0.800866743381485,0.013347347166131035,0.7907100196400452,0.8112772079723289,1,5,support_seed,within_category,support_seed_interval
dinov2_single_sam2,1,pcb2,mean_anomaly_mask_recall,0.4693698172874008,0.08337771639857908,0.4046818723649864,0.5340577622098154,1,5,support_seed,within_category,support_seed_interval
dinov2_single_sam2,1,pcb3,mean_anomaly_mask_recall,0.3689722867903441,0.03276101637015052,0.35104872445061525,0.3992292729309562,1,5,support_seed,within_category,support_seed_interval
dinov2_single_sam2,1,pcb4,mean_anomaly_mask_recall,0.35968446071788307,0.06274289560277083,0.30738685204588295,0.4041663677769779,1,5,support_seed,within_category,support_seed_interval
dinov2_single_sam2,2,macro,mean_anomaly_mask_recall,0.557209519974257,0.01862235302768135,0.5427586845156658,0.5716603554328482,4,5,support_seed,category_macro,support_seed_interval
dinov2_single_sam2,2,pcb1,mean_anomaly_mask_recall,0.7759822389808098,0.037711137390806,0.7423641219421578,0.8016847834949251,1,5,support_seed,within_category,support_seed_interval
dinov2_single_sam2,2,pcb2,mean_anomaly_mask_recall,0.583860987042536,0.016525762792312153,0.5714825082883106,0.5964556797657266,1,5,support_seed,within_category,support_seed_interval
dinov2_single_sam2,2,pcb3,mean_anomaly_mask_recall,0.44277304577842724,0.0483963213302482,0.40431485872766865,0.47943988762670814,1,5,support_seed,within_category,support_seed_interval
dinov2_single_sam2,2,pcb4,mean_anomaly_mask_recall,0.426221808095255,0.03629795122509269,0.39922722796634996,0.4536788909828551,1,5,support_seed,within_category,support_seed_interval
dinov2_single_sam2,4,macro,mean_anomaly_mask_recall,0.6132294413575144,0.018853638860970662,0.5983414093323363,0.6269459812454128,4,5,support_seed,category_macro,support_seed_interval
dinov2_single_sam2,4,pcb1,mean_anomaly_mask_recall,0.7841638398131641,0.026165331779435173,0.7642943024607755,0.8037549321429956,1,5,support_seed,within_category,support_seed_interval
dinov2_single_sam2,4,pcb2,mean_anomaly_mask_recall,0.6473016869859644,0.01544461175093267,0.6351851958270165,0.6594181781449123,1,5,support_seed,within_category,support_seed_interval
dinov2_single_sam2,4,pcb3,mean_anomaly_mask_recall,0.5153551250902322,0.03353963608611773,0.48896924224530275,0.5411084397761721,1,5,support_seed,within_category,support_seed_interval
dinov2_single_sam2,4,pcb4,mean_anomaly_mask_recall,0.5060971135406974,0.04038055944799122,0.46847602657705967,0.5325475111942921,1,5,support_seed,within_category,support_seed_interval
patchcore,1,macro,mean_anomaly_mask_recall,0.2915762788556536,0.016757953291019465,0.27780958701830344,0.3039174349217021,4,5,support_seed,category_macro,support_seed_interval
patchcore,1,pcb1,mean_anomaly_mask_recall,0.4647991967619678,0.03287603926288029,0.4404183126975553,0.49175828748170625,1,5,support_seed,within_category,support_seed_interval
patchcore,1,pcb2,mean_anomaly_mask_recall,0.284667048185849,0.045698640110523256,0.24942949816421392,0.31948808434825243,1,5,support_seed,within_category,support_seed_interval
patchcore,1,pcb3,mean_anomaly_mask_recall,0.22442329450922466,0.06773625823266195,0.17106657551177598,0.2777800135066733,1,5,support_seed,within_category,support_seed_interval
patchcore,1,pcb4,mean_anomaly_mask_recall,0.19241557596557313,0.05847801971837699,0.14423026834168948,0.23312779049737847,1,5,support_seed,within_category,support_seed_interval
patchcore,2,macro,mean_anomaly_mask_recall,0.454758357050987,0.03435697455188991,0.4233779349737167,0.47419456385643455,4,5,support_seed,category_macro,support_seed_interval
patchcore,2,pcb1,mean_anomaly_mask_recall,0.5194082802360772,0.10441964800449755,0.42596240588559675,0.5905798206224275,1,5,support_seed,within_category,support_seed_interval
patchcore,2,pcb2,mean_anomaly_mask_recall,0.45570108023130107,0.050281622773419604,0.4180758638390478,0.49643153228343007,1,5,support_seed,within_category,support_seed_interval
patchcore,2,pcb3,mean_anomaly_mask_recall,0.37067563150808513,0.04581105227014327,0.3358170336097982,0.40825457897648904,1,5,support_seed,within_category,support_seed_interval
patchcore,2,pcb4,mean_anomaly_mask_recall,0.47324843622848434,0.056753515992227346,0.4295991929474109,0.5168976795095578,1,5,support_seed,within_category,support_seed_interval
patchcore,4,macro,mean_anomaly_mask_recall,0.5771607374591718,0.021999549044992902,0.5572266598324932,0.5896681486661316,4,5,support_seed,category_macro,support_seed_interval
patchcore,4,pcb1,mean_anomaly_mask_recall,0.5745890632293575,0.04923140559147223,0.5353016965300145,0.6119143964762384,1,5,support_seed,within_category,support_seed_interval
patchcore,4,pcb2,mean_anomaly_mask_recall,0.5984579064882434,0.025198265298328967,0.5800527848381765,0.6178878469899199,1,5,support_seed,within_category,support_seed_interval
patchcore,4,pcb3,mean_anomaly_mask_recall,0.4955961291692388,0.01464983188875494,0.48620904295061196,0.5080042282189823,1,5,support_seed,within_category,support_seed_interval
patchcore,4,pcb4,mean_anomaly_mask_recall,0.6399998509498481,0.041233700244387474,0.6050629732275212,0.6692923575262414,1,5,support_seed,within_category,support_seed_interval
sam2_only,0,macro,mean_anomaly_mask_recall,0.4022400996495158,,,,4,1,support_seed,category_macro,descriptive_single_run
sam2_only,0,pcb1,mean_anomaly_mask_recall,0.33877544792850506,,,,1,1,support_seed,within_category,descriptive_single_run
sam2_only,0,pcb2,mean_anomaly_mask_recall,0.48926685095856676,,,,1,1,support_seed,within_category,descriptive_single_run
sam2_only,0,pcb3,mean_anomaly_mask_recall,0.6047073319825891,,,,1,1,support_seed,within_category,descriptive_single_run
sam2_only,0,pcb4,mean_anomaly_mask_recall,0.17621076772840233,,,,1,1,support_seed,within_category,descriptive_single_run
